1787360816.517977372 0, 33898, 36;1, 33918, 29;2, 0, 0;3, 0, 0;
1787360818.969883893 0, 33948, 0;1, 34000, 58;2, 0, 0;3, 0, 0;
1787360821.283362477 0, 34288, 57;1, 34772, 48;2, 0, 0;3, 0, 0;
1787360823.636128014 0, 34640, 7;1, 35464, 62;2, 0, 0;3, 0, 0;
1787360826.140009385 0, 35386, 19;1, 35688, 55;2, 0, 0;3, 0, 0;
1787360828.639303165 0, 35514, 30;1, 35800, 30;2, 0, 0;3, 0, 0;
1787360831.161512455 0, 35898, 21;1, 36330, 44;2, 0, 0;3, 0, 0;
1787360833.648404630 0, 36602, 16;1, 36640, 38;2, 0, 0;3, 0, 0;
1787360836.085524633 0, 37102, 39;1, 37354, 73;2, 0, 0;3, 0, 0;
1787360838.571647595 0, 37246, 46;1, 37762, 23;2, 0, 0;3, 0, 0;
1787360841.147498587 0, 37378, 22;1, 37876, 16;2, 0, 0;3, 0, 0;
1787360844.193306959 0, 37824, 18;1, 38610, 64;2, 0, 0;3, 0, 0;
1787360847.703647021 0, 38872, 36;1, 38612, 58;2, 0, 0;3, 0, 0;
1787360850.299159552 0, 39000, 35;1, 39408, 0;2, 0, 0;3, 0, 0;
1787360853.105806423 0, 39000, 33;1, 39968, 55;2, 0, 0;3, 0, 0;
1787360855.803784633 0, 39000, 49;1, 39970, 35;2, 0, 0;3, 0, 0;
1787360858.403372214 0, 39000, 58;1, 40082, 62;2, 0, 0;3, 0, 0;
1787360860.947685624 0, 39144, 59;1, 40082, 21;2, 0, 0;3, 0, 0;
1787360863.452727952 0, 39298, 30;1, 40418, 43;2, 0, 0;3, 0, 0;
1787360866.030202422 0, 39170, 51;1, 40418, 51;2, 0, 0;3, 0, 0;
1787360868.479532937 0, 39170, 46;1, 40418, 46;2, 0, 0;3, 0, 0;
1787360870.989093749 0, 39392, 40;1, 40418, 41;2, 0, 0;3, 0, 0;
1787360873.581599095 0, 39392, 48;1, 40306, 29;2, 0, 0;3, 0, 0;
1787360876.098654079 0, 39778, 30;1, 40398, 53;2, 0, 0;3, 0, 0;
1787360878.566588364 0, 40034, 55;1, 40492, 47;2, 0, 0;3, 0, 0;
1787360881.040085009 0, 40546, 34;1, 40604, 33;2, 0, 0;3, 0, 0;
1787360883.573485899 0, 40802, 42;1, 40604, 49;2, 0, 0;3, 0, 0;
1787360886.077725377 0, 40898, 40;1, 40900, 52;2, 0, 0;3, 0, 0;
1787360888.571115070 0, 40898, 45;1, 40676, 42;2, 0, 0;3, 0, 0;
1787360891.003381292 0, 40898, 60;1, 40676, 49;2, 0, 0;3, 0, 0;
1787360893.434488266 0, 40898, 54;1, 40676, 32;2, 0, 0;3, 0, 0;
1787360895.943177257 0, 40962, 37;1, 40676, 45;2, 0, 0;3, 0, 0;
1787360898.395879272 0, 40962, 41;1, 40676, 54;2, 0, 0;3, 0, 0;
1787360900.874777298 0, 40962, 46;1, 40564, 51;2, 0, 0;3, 0, 0;
1787360903.305618542 0, 40962, 63;1, 40452, 24;2, 0, 0;3, 0, 0;
1787360905.762645049 0, 40962, 29;1, 40452, 55;2, 0, 0;3, 0, 0;
1787360908.193482304 0, 40962, 38;1, 40340, 53;2, 0, 0;3, 0, 0;
1787360910.568805226 0, 40962, 50;1, 40340, 42;2, 0, 0;3, 0, 0;
1787360913.078752209 0, 40962, 43;1, 40340, 48;2, 0, 0;3, 0, 0;
1787360915.483519356 0, 40962, 28;1, 40340, 58;2, 0, 0;3, 0, 0;
1787360917.968932121 0, 40962, 29;1, 40340, 41;2, 0, 0;3, 0, 0;
1787360921.086150648 0, 40962, 75;1, 40564, 56;2, 0, 0;3, 0, 0;
1787360923.821988227 0, 40962, 49;1, 40564, 43;2, 0, 0;3, 0, 0;
1787360926.379291571 0, 40962, 40;1, 40564, 52;2, 0, 0;3, 0, 0;
1787360928.852235712 0, 40962, 46;1, 40564, 50;2, 0, 0;3, 0, 0;
1787360931.255845954 0, 40962, 100;1, 40676, 63;2, 0, 0;3, 0, 0;
1787360933.734878528 0, 40962, 50;1, 40676, 47;2, 0, 0;3, 0, 0;
1787360936.211260674 0, 40834, 70;1, 40676, 41;2, 0, 0;3, 0, 0;
1787360938.956021559 0, 40834, 84;1, 40676, 46;2, 0, 0;3, 0, 0;
1787360941.596750663 0, 40706, 62;1, 40676, 37;2, 0, 0;3, 0, 0;
1787360944.212924849 0, 40872, 63;1, 40676, 38;2, 0, 0;3, 0, 0;
1787360946.879301692 0, 41218, 60;1, 40676, 43;2, 0, 0;3, 0, 0;
1787360949.282083132 0, 41498, 12;1, 40676, 8;2, 0, 0;3, 0, 0;
1787360952.327521720 0, 41602, 75;1, 40676, 54;2, 0, 0;3, 0, 0;
1787360954.719131043 0, 41602, 53;1, 40676, 57;2, 0, 0;3, 0, 0;
1787360958.198277734 0, 41786, 52;1, 40676, 29;2, 0, 0;3, 0, 0;
1787360961.084166280 0, 41890, 55;1, 40678, 43;2, 0, 0;3, 0, 0;
1787360963.630478796 0, 41890, 35;1, 40678, 35;2, 0, 0;3, 0, 0;
1787360966.011096935 0, 41890, 42;1, 40678, 46;2, 0, 0;3, 0, 0;
1787360968.484649478 0, 41890, 47;1, 40678, 29;2, 0, 0;3, 0, 0;
1787360970.897299920 0, 42274, 38;1, 40678, 50;2, 0, 0;3, 0, 0;
1787360973.279316510 0, 42498, 66;1, 40726, 47;2, 0, 0;3, 0, 0;
1787360975.774677866 0, 42914, 26;1, 40790, 40;2, 0, 0;3, 0, 0;
1787360978.158091077 0, 43170, 55;1, 41014, 15;2, 0, 0;3, 0, 0;
1787360980.616161215 0, 43426, 36;1, 41238, 62;2, 0, 0;3, 0, 0;
1787360983.047661130 0, 43426, 46;1, 41238, 52;2, 0, 0;3, 0, 0;
1787360985.744869985 0, 43426, 38;1, 41238, 46;2, 0, 0;3, 0, 0;
1787360988.430222148 0, 43426, 65;1, 41238, 57;2, 0, 0;3, 0, 0;
1787360991.042516046 0, 43426, 32;1, 41350, 35;2, 0, 0;3, 0, 0;
1787360993.666644997 0, 43638, 93;1, 41462, 36;2, 0, 0;3, 0, 0;
1787360996.360896644 0, 43638, 82;1, 41724, 85;2, 0, 0;3, 0, 0;
1787360998.990356352 0, 43958, 44;1, 42022, 18;2, 0, 0;3, 0, 0;
1787361002.428545801 0, 43958, 63;1, 42246, 42;2, 0, 0;3, 0, 0;
1787361004.943553350 0, 43958, 46;1, 42246, 43;2, 0, 0;3, 0, 0;
1787361007.761467984 0, 43958, 33;1, 42246, 64;2, 0, 0;3, 0, 0;
1787361010.430677171 0, 43958, 37;1, 42246, 53;2, 0, 0;3, 0, 0;
1787361013.186308206 0, 43958, 39;1, 42246, 58;2, 0, 0;3, 0, 0;
1787361015.866834531 0, 43958, 41;1, 42246, 32;2, 0, 0;3, 0, 0;
1787361018.781432348 0, 43958, 98;1, 42246, 100;2, 0, 0;3, 0, 0;
1787361021.141267572 0, 43958, 41;1, 42246, 60;2, 0, 0;3, 0, 0;
1787361023.538902650 0, 43958, 57;1, 42246, 32;2, 0, 0;3, 0, 0;
1787361026.285216042 0, 43958, 48;1, 42246, 47;2, 0, 0;3, 0, 0;
1787361028.835137076 0, 43574, 24;1, 42444, 32;2, 0, 0;3, 0, 0;
1787361031.382582172 0, 43446, 57;1, 42470, 50;2, 0, 0;3, 0, 0;
1787361033.939658106 0, 43446, 55;1, 42702, 73;2, 0, 0;3, 0, 0;
1787361036.550425482 0, 43446, 73;1, 41918, 44;2, 0, 0;3, 0, 0;
1787361039.077600909 0, 43318, 45;1, 41918, 32;2, 0, 0;3, 0, 0;
1787361041.670310601 0, 43062, 41;1, 41582, 28;2, 0, 0;3, 0, 0;
1787361044.270922928 0, 43062, 54;1, 41582, 52;2, 0, 0;3, 0, 0;
1787361046.705496635 0, 43064, 44;1, 41582, 49;2, 0, 0;3, 0, 0;
1787361049.207212728 0, 42552, 50;1, 41246, 30;2, 0, 0;3, 0, 0;
1787361051.682838290 0, 42424, 43;1, 41246, 83;2, 0, 0;3, 0, 0;
1787361054.256606423 0, 42424, 44;1, 41246, 54;2, 0, 0;3, 0, 0;
1787361056.855865362 0, 42424, 75;1, 41358, 54;2, 0, 0;3, 0, 0;
1787361059.287109158 0, 42520, 46;1, 41358, 38;2, 0, 0;3, 0, 0;
1787361061.851075104 0, 42520, 55;1, 41358, 73;2, 0, 0;3, 0, 0;
1787361064.322548649 0, 42520, 53;1, 41470, 20;2, 0, 0;3, 0, 0;
1787361066.770887195 0, 42520, 53;1, 41470, 46;2, 0, 0;3, 0, 0;
1787361069.264560455 0, 42520, 46;1, 41470, 43;2, 0, 0;3, 0, 0;
1787361071.767917652 0, 42520, 35;1, 41470, 30;2, 0, 0;3, 0, 0;
1787361074.434793973 0, 42520, 65;1, 41470, 47;2, 0, 0;3, 0, 0;
1787361077.242424309 0, 42520, 33;1, 41470, 34;2, 0, 0;3, 0, 0;
1787361080.394244483 0, 42520, 33;1, 41470, 42;2, 0, 0;3, 0, 0;
1787361082.898747532 0, 42392, 31;1, 41566, 30;2, 0, 0;3, 0, 0;
1787361085.501440619 0, 42386, 30;1, 41582, 54;2, 0, 0;3, 0, 0;
1787361087.906929794 0, 42386, 33;1, 41582, 49;2, 0, 0;3, 0, 0;
1787361090.413258841 0, 42386, 63;1, 41582, 45;2, 0, 0;3, 0, 0;
1787361092.899932965 0, 42258, 45;1, 41582, 56;2, 0, 0;3, 0, 0;
1787361095.446306914 0, 42258, 37;1, 41582, 65;2, 0, 0;3, 0, 0;
1787361097.895103057 0, 42258, 45;1, 41582, 34;2, 0, 0;3, 0, 0;
1787361100.384111787 0, 42142, 40;1, 41582, 36;2, 0, 0;3, 0, 0;
1787361102.863786599 0, 42130, 39;1, 41582, 58;2, 0, 0;3, 0, 0;
1787361105.383204292 0, 42130, 57;1, 41582, 34;2, 0, 0;3, 0, 0;
1787361107.902772033 0, 42130, 41;1, 41582, 28;2, 0, 0;3, 0, 0;
1787361110.455615316 0, 42130, 77;1, 41582, 48;2, 0, 0;3, 0, 0;
1787361112.936165359 0, 42130, 41;1, 41582, 56;2, 0, 0;3, 0, 0;
1787361115.378837146 0, 42130, 41;1, 41582, 37;2, 0, 0;3, 0, 0;
1787361117.807646757 0, 42130, 70;1, 41582, 47;2, 0, 0;3, 0, 0;
1787361120.381376152 0, 42130, 65;1, 41582, 46;2, 0, 0;3, 0, 0;
1787361123.003325340 0, 42002, 11;1, 41470, 31;2, 0, 0;3, 0, 0;
1787361126.039346838 0, 42002, 58;1, 41246, 54;2, 0, 0;3, 0, 0;
1787361128.396421094 0, 42002, 34;1, 41134, 17;2, 0, 0;3, 0, 0;
1787361130.866183858 0, 42002, 25;1, 40910, 22;2, 0, 0;3, 0, 0;
1787361133.456136275 0, 42130, 36;1, 41022, 37;2, 0, 0;3, 0, 0;
1787361136.075145072 0, 42258, 22;1, 41022, 40;2, 0, 0;3, 0, 0;
1787361138.562247059 0, 42642, 37;1, 40910, 37;2, 0, 0;3, 0, 0;
1787361141.088778661 0, 42642, 39;1, 40686, 30;2, 0, 0;3, 0, 0;
1787361143.610298676 0, 42642, 33;1, 40686, 38;2, 0, 0;3, 0, 0;
1787361146.105962339 0, 42642, 53;1, 40686, 70;2, 0, 0;3, 0, 0;
1787361148.575316955 0, 42642, 41;1, 40686, 50;2, 0, 0;3, 0, 0;
1787361151.131372609 0, 42642, 31;1, 40574, 32;2, 0, 0;3, 0, 0;
1787361154.359890089 0, 42642, 51;1, 40574, 47;2, 0, 0;3, 0, 0;
1787361156.772486863 0, 42642, 62;1, 40574, 59;2, 0, 0;3, 0, 0;
1787361159.116323065 0, 42642, 50;1, 40910, 37;2, 0, 0;3, 0, 0;
1787361161.502964680 0, 42642, 61;1, 41022, 56;2, 0, 0;3, 0, 0;
1787361163.979289569 0, 42642, 44;1, 41022, 41;2, 0, 0;3, 0, 0;
1787361166.461282198 0, 42642, 75;1, 41022, 35;2, 0, 0;3, 0, 0;
1787361168.923236119 0, 42888, 29;1, 41022, 76;2, 0, 0;3, 0, 0;
1787361171.436662450 0, 42888, 43;1, 41022, 44;2, 0, 0;3, 0, 0;
1787361173.903143255 0, 42888, 35;1, 41022, 41;2, 0, 0;3, 0, 0;
1787361176.412257359 0, 42888, 49;1, 41134, 28;2, 0, 0;3, 0, 0;
1787361178.920903490 0, 42888, 41;1, 41134, 61;2, 0, 0;3, 0, 0;
1787361181.361101824 0, 42888, 76;1, 41134, 59;2, 0, 0;3, 0, 0;
1787361183.805915942 0, 42888, 34;1, 41134, 45;2, 0, 0;3, 0, 0;
1787361186.382400607 0, 42760, 62;1, 41134, 47;2, 0, 0;3, 0, 0;
1787361188.844772683 0, 42760, 49;1, 41134, 34;2, 0, 0;3, 0, 0;
1787361191.309326590 0, 42760, 47;1, 41134, 51;2, 0, 0;3, 0, 0;
1787361193.787014936 0, 42760, 56;1, 41134, 46;2, 0, 0;3, 0, 0;
1787361196.278801188 0, 42760, 38;1, 41134, 36;2, 0, 0;3, 0, 0;
1787361198.855553970 0, 42760, 27;1, 41246, 55;2, 0, 0;3, 0, 0;
1787361201.368131977 0, 42760, 51;1, 41246, 43;2, 0, 0;3, 0, 0;
1787361203.851567050 0, 42760, 43;1, 41358, 43;2, 0, 0;3, 0, 0;
1787361206.355023341 0, 42760, 49;1, 41470, 40;2, 0, 0;3, 0, 0;
1787361208.894554641 0, 42760, 47;1, 41470, 41;2, 0, 0;3, 0, 0;
1787361211.314691024 0, 42760, 73;1, 41470, 46;2, 0, 0;3, 0, 0;
1787361213.813281169 0, 42760, 28;1, 41470, 44;2, 0, 0;3, 0, 0;
1787361216.264716953 0, 42760, 26;1, 41470, 62;2, 0, 0;3, 0, 0;
1787361218.733290591 0, 42760, 51;1, 41470, 54;2, 0, 0;3, 0, 0;
1787361221.234507366 0, 42760, 41;1, 41470, 44;2, 0, 0;3, 0, 0;
1787361223.785545340 0, 42760, 65;1, 41470, 74;2, 0, 0;3, 0, 0;
1787361226.234480414 0, 42632, 35;1, 41470, 57;2, 0, 0;3, 0, 0;
1787361228.706692294 0, 42506, 25;1, 41470, 60;2, 0, 0;3, 0, 0;
1787361232.148236218 0, 41866, 32;1, 41470, 33;2, 0, 0;3, 0, 0;
1787361234.755762756 0, 41866, 54;1, 41470, 88;2, 0, 0;3, 0, 0;
1787361237.091471771 0, 40842, 47;1, 41470, 54;2, 0, 0;3, 0, 0;
1787361239.500022944 0, 40842, 43;1, 41470, 57;2, 0, 0;3, 0, 0;
1787361241.950414586 0, 40712, 17;1, 41470, 51;2, 0, 0;3, 0, 0;
1787361244.425496725 0, 40458, 52;1, 41470, 45;2, 0, 0;3, 0, 0;
1787361246.850447834 0, 40458, 32;1, 41470, 34;2, 0, 0;3, 0, 0;
1787361249.258207677 0, 40074, 31;1, 41470, 16;2, 0, 0;3, 0, 0;
1787361251.760973749 0, 39864, 30;1, 41268, 18;2, 0, 0;3, 0, 0;
1787361254.288730039 0, 39418, 16;1, 40780, 32;2, 0, 0;3, 0, 0;
1787361256.650970182 0, 38280, 0;1, 38558, 11;2, 0, 0;3, 0, 0;
