1787315827.991688941 0, 33778, 64;1, 33842, 38;2, 0, 0;3, 0, 0;
1787315830.339556425 0, 33824, 0;1, 33844, 4;2, 0, 0;3, 0, 0;
1787315832.653396196 0, 34092, 25;1, 34022, 7;2, 0, 0;3, 0, 0;
1787315835.017667956 0, 34092, 26;1, 34134, 11;2, 0, 0;3, 0, 0;
1787315837.433266552 0, 34220, 18;1, 34134, 34;2, 0, 0;3, 0, 0;
1787315839.769155244 0, 34552, 17;1, 34478, 22;2, 0, 0;3, 0, 0;
1787315842.117507442 0, 34800, 27;1, 34590, 11;2, 0, 0;3, 0, 0;
1787315844.484170891 0, 35162, 3;1, 34590, 15;2, 0, 0;3, 0, 0;
1787315846.889397348 0, 35290, 36;1, 34814, 7;2, 0, 0;3, 0, 0;
1787315849.271109904 0, 35518, 34;1, 34814, 8;2, 0, 0;3, 0, 0;
1787315851.602137778 0, 35782, 7;1, 34814, 15;2, 0, 0;3, 0, 0;
1787315853.940748882 0, 35926, 30;1, 34814, 8;2, 0, 0;3, 0, 0;
1787315856.330430469 0, 35926, 13;1, 34814, 28;2, 0, 0;3, 0, 0;
1787315858.674245243 0, 36048, 20;1, 35016, 21;2, 0, 0;3, 0, 0;
1787315861.009372991 0, 36192, 21;1, 35016, 13;2, 0, 0;3, 0, 0;
1787315863.877015024 0, 36310, 12;1, 35016, 14;2, 0, 0;3, 0, 0;
1787315866.921860155 0, 36474, 33;1, 35016, 18;2, 0, 0;3, 0, 0;
1787315869.238808422 0, 36618, 25;1, 35016, 11;2, 0, 0;3, 0, 0;
1787315871.635738797 0, 36620, 37;1, 35016, 30;2, 0, 0;3, 0, 0;
1787315874.067016947 0, 36620, 82;1, 35016, 68;2, 0, 0;3, 0, 0;
1787315876.468745979 0, 36620, 76;1, 35016, 12;2, 0, 0;3, 0, 0;
1787315878.820653946 0, 36492, 36;1, 35016, 59;2, 0, 0;3, 0, 0;
1787315881.200456739 0, 35726, 81;1, 33672, 72;2, 0, 0;3, 0, 0;
1787315883.523826407 0, 19972, 22;1, 14652, 49;2, 0, 0;3, 0, 0;
1787315885.958898877 0, 20100, 81;1, 14652, 63;2, 0, 0;3, 0, 0;
1787315888.305516104 0, 20100, 47;1, 14652, 44;2, 0, 0;3, 0, 0;
1787315890.615168547 0, 20100, 65;1, 14652, 59;2, 0, 0;3, 0, 0;
1787315892.958861812 0, 20100, 67;1, 14540, 57;2, 0, 0;3, 0, 0;
1787315895.249683660 0, 20100, 97;1, 14540, 67;2, 0, 0;3, 0, 0;
1787315897.568537843 0, 20100, 43;1, 14540, 43;2, 0, 0;3, 0, 0;
1787315899.835096244 0, 20072, 49;1, 14540, 43;2, 0, 0;3, 0, 0;
1787315902.187683119 0, 20072, 61;1, 14540, 7;2, 0, 0;3, 0, 0;
1787315904.547083546 0, 20072, 94;1, 14540, 21;2, 0, 0;3, 0, 0;
1787315906.880379081 0, 20072, 55;1, 14540, 40;2, 0, 0;3, 0, 0;
1787315909.185287369 0, 20072, 25;1, 14540, 7;2, 0, 0;3, 0, 0;
1787315911.510842015 0, 20072, 36;1, 14540, 11;2, 0, 0;3, 0, 0;
1787315913.846898603 0, 20072, 23;1, 14540, 16;2, 0, 0;3, 0, 0;
1787315916.173803230 0, 20072, 46;1, 14540, 53;2, 0, 0;3, 0, 0;
1787315918.479478664 0, 20072, 77;1, 14540, 16;2, 0, 0;3, 0, 0;
1787315920.801181571 0, 20072, 21;1, 14540, 34;2, 0, 0;3, 0, 0;
1787315923.138141586 0, 21384, 94;1, 49086, 71;2, 0, 0;3, 0, 0;
1787315925.449537664 0, 19944, 8;1, 55250, 35;2, 0, 0;3, 0, 0;
1787315927.764857263 0, 19336, 0;1, 57770, 51;2, 0, 0;3, 0, 0;
1787315930.092369876 0, 19336, 0;1, 58978, 40;2, 0, 0;3, 0, 0;
1787315932.461044796 0, 19336, 0;1, 59218, 42;2, 0, 0;3, 0, 0;
1787315934.854589388 0, 19336, 0;1, 59090, 88;2, 0, 0;3, 0, 0;
1787315937.209785165 0, 19336, 0;1, 59202, 56;2, 0, 0;3, 0, 0;
1787315939.630003873 0, 19336, 0;1, 59334, 53;2, 0, 0;3, 0, 0;
1787315942.769122817 0, 26216, 1;1, 60396, 32;2, 0, 0;3, 0, 0;
1787315945.124159923 0, 27294, 53;1, 60370, 79;2, 0, 0;3, 0, 0;
1787315947.479330130 0, 27410, 22;1, 60610, 41;2, 0, 0;3, 0, 0;
1787315949.810586893 0, 27634, 19;1, 60738, 58;2, 0, 0;3, 0, 0;
1787315952.148478436 0, 27858, 14;1, 60868, 62;2, 0, 0;3, 0, 0;
1787315954.506310874 0, 27858, 14;1, 61348, 47;2, 0, 0;3, 0, 0;
1787315956.880862331 0, 27858, 5;1, 61700, 46;2, 0, 0;3, 0, 0;
1787315959.273263946 0, 27858, 15;1, 52800, 54;2, 0, 0;3, 0, 0;
1787315961.654306934 0, 27858, 9;1, 53376, 40;2, 0, 0;3, 0, 0;
1787315964.061940786 0, 27858, 27;1, 53488, 58;2, 0, 0;3, 0, 0;
1787315966.446836964 0, 27858, 14;1, 53488, 47;2, 0, 0;3, 0, 0;
1787315968.989691639 0, 27858, 17;1, 54112, 42;2, 0, 0;3, 0, 0;
1787315971.334785120 0, 27858, 11;1, 54704, 59;2, 0, 0;3, 0, 0;
1787315973.710626138 0, 14762, 14;1, 54960, 62;2, 0, 0;3, 0, 0;
1787315976.015559169 0, 15322, 0;1, 55088, 68;2, 0, 0;3, 0, 0;
1787315978.373535190 0, 20038, 28;1, 54662, 75;2, 0, 0;3, 0, 0;
1787315980.664424113 0, 20038, 26;1, 50516, 61;2, 0, 0;3, 0, 0;
1787315982.939950757 0, 35354, 55;1, 51748, 72;2, 0, 0;3, 0, 0;
1787315985.259802563 0, 38174, 18;1, 51668, 27;2, 0, 0;3, 0, 0;
1787315987.646428235 0, 38302, 45;1, 51780, 63;2, 0, 0;3, 0, 0;
1787315989.954776654 0, 38206, 27;1, 51780, 68;2, 0, 0;3, 0, 0;
1787315992.275573668 0, 38462, 49;1, 51780, 61;2, 0, 0;3, 0, 0;
1787315994.615329999 0, 38590, 44;1, 51780, 40;2, 0, 0;3, 0, 0;
1787315996.928673885 0, 38846, 55;1, 51780, 50;2, 0, 0;3, 0, 0;
1787315999.231570752 0, 38846, 40;1, 47902, 20;2, 0, 0;3, 0, 0;
1787316001.541588343 0, 38846, 62;1, 28558, 69;2, 0, 0;3, 0, 0;
1787316003.819312276 0, 38846, 45;1, 28558, 55;2, 0, 0;3, 0, 0;
1787316006.071944965 0, 39102, 29;1, 28558, 42;2, 0, 0;3, 0, 0;
1787316008.378551081 0, 39528, 34;1, 28558, 29;2, 0, 0;3, 0, 0;
1787316010.678502065 0, 39532, 48;1, 27252, 1;2, 0, 0;3, 0, 0;
1787316013.045728499 0, 40286, 88;1, 34874, 25;2, 0, 0;3, 0, 0;
1787316015.485376359 0, 40172, 44;1, 38816, 37;2, 0, 0;3, 0, 0;
1787316018.362348495 0, 40060, 23;1, 39026, 13;2, 0, 0;3, 0, 0;
1787316021.531846203 0, 40060, 48;1, 38786, 48;2, 0, 0;3, 0, 0;
1787316024.044956717 0, 40060, 41;1, 38756, 34;2, 0, 0;3, 0, 0;
1787316026.455928779 0, 39948, 46;1, 37970, 23;2, 0, 0;3, 0, 0;
1787316028.931997943 0, 39948, 31;1, 37972, 16;2, 0, 0;3, 0, 0;
1787316031.248897724 0, 39612, 60;1, 37972, 36;2, 0, 0;3, 0, 0;
1787316033.554601849 0, 39612, 41;1, 37908, 15;2, 0, 0;3, 0, 0;
1787316036.076853520 0, 38966, 45;1, 37908, 28;2, 0, 0;3, 0, 0;
1787316038.402139246 0, 38040, 46;1, 37908, 38;2, 0, 0;3, 0, 0;
1787316040.715053828 0, 38040, 52;1, 37908, 31;2, 0, 0;3, 0, 0;
1787316043.048248526 0, 37928, 66;1, 37908, 22;2, 0, 0;3, 0, 0;
1787316045.355699903 0, 37928, 61;1, 37908, 30;2, 0, 0;3, 0, 0;
1787316047.675925211 0, 37928, 56;1, 37908, 34;2, 0, 0;3, 0, 0;
1787316049.930992619 0, 37928, 40;1, 37908, 20;2, 0, 0;3, 0, 0;
1787316052.363326195 0, 37928, 50;1, 37908, 33;2, 0, 0;3, 0, 0;
1787316054.666248597 0, 37928, 46;1, 37908, 26;2, 0, 0;3, 0, 0;
1787316057.014466300 0, 37928, 37;1, 37908, 27;2, 0, 0;3, 0, 0;
1787316059.431943976 0, 37928, 55;1, 20116, 62;2, 0, 0;3, 0, 0;
1787316061.811918621 0, 37928, 38;1, 20052, 30;2, 0, 0;3, 0, 0;
1787316064.143052348 0, 38466, 89;1, 34676, 80;2, 0, 0;3, 0, 0;
1787316066.446464761 0, 38056, 24;1, 36216, 35;2, 0, 0;3, 0, 0;
1787316068.866482505 0, 38088, 27;1, 36218, 36;2, 0, 0;3, 0, 0;
1787316071.241900975 0, 38472, 16;1, 36330, 28;2, 0, 0;3, 0, 0;
1787316073.614560427 0, 39368, 41;1, 36250, 35;2, 0, 0;3, 0, 0;
1787316075.936799670 0, 40008, 48;1, 36250, 62;2, 0, 0;3, 0, 0;
1787316078.257577721 0, 40392, 30;1, 36474, 32;2, 0, 0;3, 0, 0;
1787316080.557312554 0, 40392, 41;1, 36626, 73;2, 0, 0;3, 0, 0;
1787316083.020656271 0, 40394, 34;1, 36738, 39;2, 0, 0;3, 0, 0;
1787316085.806936882 0, 41374, 12;1, 36850, 29;2, 0, 0;3, 0, 0;
1787316088.271840439 0, 42016, 51;1, 36850, 25;2, 0, 0;3, 0, 0;
1787316090.755704997 0, 42016, 18;1, 37702, 10;2, 0, 0;3, 0, 0;
1787316093.196087415 0, 42144, 6;1, 38128, 32;2, 0, 0;3, 0, 0;
1787316096.050585038 0, 42656, 52;1, 38142, 25;2, 0, 0;3, 0, 0;
1787316098.974760082 0, 42826, 13;1, 38218, 52;2, 0, 0;3, 0, 0;
1787316101.485224359 0, 43808, 14;1, 38368, 32;2, 0, 0;3, 0, 0;
1787316104.041385789 0, 43936, 39;1, 38368, 50;2, 0, 0;3, 0, 0;
1787316106.451831146 0, 44024, 29;1, 38368, 51;2, 0, 0;3, 0, 0;
1787316108.915122726 0, 44280, 13;1, 38368, 70;2, 0, 0;3, 0, 0;
1787316111.362906472 0, 44664, 65;1, 38368, 48;2, 0, 0;3, 0, 0;
1787316113.881043227 0, 44500, 54;1, 38298, 41;2, 0, 0;3, 0, 0;
1787316116.316018141 0, 39272, 35;1, 34616, 14;2, 0, 0;3, 0, 0;
1787316118.801192854 0, 39486, 59;1, 34616, 49;2, 0, 0;3, 0, 0;
1787316121.191285881 0, 40040, 65;1, 34616, 25;2, 0, 0;3, 0, 0;
1787316123.633083737 0, 40040, 45;1, 34616, 32;2, 0, 0;3, 0, 0;
1787316125.963099425 0, 40152, 41;1, 39844, 46;2, 0, 0;3, 0, 0;
1787316128.386777515 0, 40376, 32;1, 39846, 64;2, 0, 0;3, 0, 0;
1787316130.739961704 0, 40936, 20;1, 39846, 48;2, 0, 0;3, 0, 0;
1787316133.176825206 0, 41160, 51;1, 39792, 41;2, 0, 0;3, 0, 0;
1787316135.567927217 0, 41496, 39;1, 39670, 13;2, 0, 0;3, 0, 0;
1787316137.877346668 0, 41368, 35;1, 39670, 35;2, 0, 0;3, 0, 0;
1787316140.212459109 0, 41176, 22;1, 39558, 20;2, 0, 0;3, 0, 0;
1787316142.740007269 0, 40216, 17;1, 39222, 31;2, 0, 0;3, 0, 0;
1787316145.165100321 0, 37162, 21;1, 39222, 62;2, 0, 0;3, 0, 0;
1787316147.551796314 0, 36584, 41;1, 38998, 27;2, 0, 0;3, 0, 0;
1787316149.971027772 0, 36806, 33;1, 38774, 58;2, 0, 0;3, 0, 0;
1787316152.468768356 0, 35918, 30;1, 38774, 38;2, 0, 0;3, 0, 0;
1787316154.875993173 0, 36590, 39;1, 38774, 25;2, 0, 0;3, 0, 0;
1787316157.196495833 0, 36702, 41;1, 38774, 38;2, 0, 0;3, 0, 0;
1787316159.607213622 0, 36702, 31;1, 38774, 42;2, 0, 0;3, 0, 0;
1787316162.052157346 0, 36702, 38;1, 38774, 32;2, 0, 0;3, 0, 0;
1787316164.462783515 0, 36478, 34;1, 38662, 38;2, 0, 0;3, 0, 0;
1787316166.952724518 0, 36478, 30;1, 38662, 18;2, 0, 0;3, 0, 0;
1787316169.382912389 0, 36478, 29;1, 38662, 31;2, 0, 0;3, 0, 0;
1787316171.949460386 0, 36478, 22;1, 33248, 36;2, 0, 0;3, 0, 0;
1787316174.957845710 0, 36366, 16;1, 29348, 39;2, 0, 0;3, 0, 0;
1787316177.347253940 0, 35918, 25;1, 29124, 38;2, 0, 0;3, 0, 0;
1787316179.784377189 0, 35806, 42;1, 29124, 13;2, 0, 0;3, 0, 0;
1787316182.307860739 0, 35806, 61;1, 29124, 28;2, 0, 0;3, 0, 0;
1787316184.780615679 0, 35806, 44;1, 29124, 90;2, 0, 0;3, 0, 0;
1787316187.209524764 0, 35806, 98;1, 29124, 43;2, 0, 0;3, 0, 0;
1787316189.553601636 0, 35934, 14;1, 29124, 54;2, 0, 0;3, 0, 0;
1787316191.886441151 0, 36628, 18;1, 29124, 96;2, 0, 0;3, 0, 0;
1787316194.230485411 0, 37262, 51;1, 29124, 68;2, 0, 0;3, 0, 0;
1787316196.627145372 0, 37214, 36;1, 29124, 54;2, 0, 0;3, 0, 0;
1787316198.966728821 0, 35758, 29;1, 29124, 28;2, 0, 0;3, 0, 0;
1787316201.459203198 0, 36014, 21;1, 29124, 37;2, 0, 0;3, 0, 0;
1787316203.766623223 0, 36526, 53;1, 29236, 23;2, 0, 0;3, 0, 0;
1787316206.215462407 0, 36430, 28;1, 29236, 22;2, 0, 0;3, 0, 0;
1787316208.661655749 0, 36654, 46;1, 29296, 7;2, 0, 0;3, 0, 0;
1787316211.123094380 0, 37198, 58;1, 29348, 43;2, 0, 0;3, 0, 0;
1787316213.551133247 0, 37198, 33;1, 29460, 32;2, 0, 0;3, 0, 0;
1787316215.862054732 0, 37214, 55;1, 29460, 54;2, 0, 0;3, 0, 0;
1787316218.243864146 0, 37214, 40;1, 29460, 37;2, 0, 0;3, 0, 0;
1787316220.674151048 0, 37470, 33;1, 29460, 41;2, 0, 0;3, 0, 0;
1787316222.961930157 0, 37534, 25;1, 29460, 32;2, 0, 0;3, 0, 0;
1787316225.405718382 0, 38302, 33;1, 29460, 42;2, 0, 0;3, 0, 0;
1787316227.853494005 0, 38896, 40;1, 38838, 37;2, 0, 0;3, 0, 0;
1787316230.191098196 0, 38302, 54;1, 41146, 54;2, 0, 0;3, 0, 0;
1787316232.888816486 0, 37966, 55;1, 41324, 39;2, 0, 0;3, 0, 0;
1787316235.198578729 0, 37966, 26;1, 41472, 44;2, 0, 0;3, 0, 0;
1787316237.672249782 0, 37582, 0;1, 41868, 27;2, 0, 0;3, 0, 0;
1787316240.079473627 0, 37326, 0;1, 42206, 59;2, 0, 0;3, 0, 0;
1787316242.608971442 0, 35150, 0;1, 42446, 64;2, 0, 0;3, 0, 0;
1787316245.000145712 0, 32846, 14;1, 42490, 36;2, 0, 0;3, 0, 0;
1787316247.335397881 0, 32846, 18;1, 42970, 43;2, 0, 0;3, 0, 0;
1787316249.988184990 0, 32846, 18;1, 43082, 61;2, 0, 0;3, 0, 0;
1787316252.854706466 0, 32206, 0;1, 43082, 49;2, 0, 0;3, 0, 0;
1787316255.418320840 0, 32206, 0;1, 43082, 45;2, 0, 0;3, 0, 0;
1787316257.991888122 0, 32206, 0;1, 43082, 47;2, 0, 0;3, 0, 0;
1787316260.395333574 0, 32206, 0;1, 43082, 29;2, 0, 0;3, 0, 0;
1787316262.754126862 0, 35070, 0;1, 43334, 37;2, 0, 0;3, 0, 0;
1787316265.147548444 0, 35292, 0;1, 39390, 44;2, 0, 0;3, 0, 0;
1787316267.494608102 0, 35292, 0;1, 39390, 30;2, 0, 0;3, 0, 0;
