1787169783.836996096 0, 35768, 52;1, 35806, 34;2, 0, 0;3, 0, 0;
1787169786.106544353 0, 35828, 1;1, 35808, 0;2, 0, 0;3, 0, 0;
1787169788.379622091 0, 35948, 100;1, 35898, 99;2, 0, 0;3, 0, 0;
1787169790.653341937 0, 36370, 100;1, 36064, 100;2, 0, 0;3, 0, 0;
1787169792.926810491 0, 36916, 100;1, 36180, 100;2, 0, 0;3, 0, 0;
1787169795.164819964 0, 36916, 100;1, 36446, 99;2, 0, 0;3, 0, 0;
1787169797.452535576 0, 36918, 100;1, 36446, 100;2, 0, 0;3, 0, 0;
1787169799.734187060 0, 37062, 100;1, 37006, 100;2, 0, 0;3, 0, 0;
1787169802.014957522 0, 37064, 100;1, 37142, 100;2, 0, 0;3, 0, 0;
1787169804.289451626 0, 37200, 100;1, 37142, 100;2, 0, 0;3, 0, 0;
1787169806.561650396 0, 37258, 100;1, 37618, 100;2, 0, 0;3, 0, 0;
1787169808.831537002 0, 37322, 100;1, 37618, 100;2, 0, 0;3, 0, 0;
1787169811.103766018 0, 37322, 100;1, 37642, 100;2, 0, 0;3, 0, 0;
1787169813.378759473 0, 37322, 100;1, 37754, 100;2, 0, 0;3, 0, 0;
1787169815.652193545 0, 37322, 100;1, 37866, 100;2, 0, 0;3, 0, 0;
1787169817.929137227 0, 37378, 100;1, 37866, 100;2, 0, 0;3, 0, 0;
1787169820.198165791 0, 37448, 99;1, 37866, 100;2, 0, 0;3, 0, 0;
1787169822.464215089 0, 37704, 100;1, 37962, 100;2, 0, 0;3, 0, 0;
1787169824.738077331 0, 37916, 100;1, 37962, 100;2, 0, 0;3, 0, 0;
1787169827.011921780 0, 38172, 100;1, 37962, 100;2, 0, 0;3, 0, 0;
1787169829.279041692 0, 38172, 99;1, 37962, 100;2, 0, 0;3, 0, 0;
1787169831.546429360 0, 38172, 82;1, 37962, 97;2, 0, 0;3, 0, 0;
1787169834.012129642 0, 38172, 58;1, 37962, 86;2, 0, 0;3, 0, 0;
1787169836.278200715 0, 38300, 100;1, 37962, 100;2, 0, 0;3, 0, 0;
1787169838.548671149 0, 38374, 100;1, 37962, 100;2, 0, 0;3, 0, 0;
1787169840.815746787 0, 38374, 100;1, 37962, 100;2, 0, 0;3, 0, 0;
1787169843.088722908 0, 38374, 100;1, 37962, 100;2, 0, 0;3, 0, 0;
1787169845.357031391 0, 38374, 100;1, 37962, 100;2, 0, 0;3, 0, 0;
1787169847.628677115 0, 38374, 100;1, 37962, 100;2, 0, 0;3, 0, 0;
1787169849.901465967 0, 38374, 100;1, 37962, 100;2, 0, 0;3, 0, 0;
1787169852.170664123 0, 38374, 100;1, 37962, 96;2, 0, 0;3, 0, 0;
1787169854.441451107 0, 38374, 100;1, 37962, 99;2, 0, 0;3, 0, 0;
1787169856.712432218 0, 38374, 100;1, 37962, 100;2, 0, 0;3, 0, 0;
1787169858.994140876 0, 38374, 100;1, 38074, 100;2, 0, 0;3, 0, 0;
1787169861.267384764 0, 38374, 100;1, 38074, 100;2, 0, 0;3, 0, 0;
1787169863.535327013 0, 38374, 100;1, 38162, 99;2, 0, 0;3, 0, 0;
1787169865.811709187 0, 38374, 100;1, 38162, 100;2, 0, 0;3, 0, 0;
1787169868.083315944 0, 38374, 100;1, 38274, 100;2, 0, 0;3, 0, 0;
1787169870.356575189 0, 38374, 100;1, 38274, 99;2, 0, 0;3, 0, 0;
1787169872.629168120 0, 38374, 100;1, 38274, 100;2, 0, 0;3, 0, 0;
1787169874.895846942 0, 38374, 100;1, 38274, 100;2, 0, 0;3, 0, 0;
1787169877.171911080 0, 38246, 100;1, 38274, 100;2, 0, 0;3, 0, 0;
1787169879.446758024 0, 38118, 100;1, 38274, 100;2, 0, 0;3, 0, 0;
1787169881.716799839 0, 38118, 99;1, 38274, 100;2, 0, 0;3, 0, 0;
1787169883.994109638 0, 38118, 100;1, 38274, 100;2, 0, 0;3, 0, 0;
1787169886.270703444 0, 38118, 100;1, 38274, 100;2, 0, 0;3, 0, 0;
1787169888.539439578 0, 38118, 99;1, 38274, 100;2, 0, 0;3, 0, 0;
1787169890.817513688 0, 38118, 100;1, 38274, 100;2, 0, 0;3, 0, 0;
1787169893.093842632 0, 38118, 100;1, 38274, 100;2, 0, 0;3, 0, 0;
1787169895.361607255 0, 38118, 100;1, 38274, 99;2, 0, 0;3, 0, 0;
1787169897.632743458 0, 38230, 100;1, 38274, 100;2, 0, 0;3, 0, 0;
1787169899.905107988 0, 38486, 100;1, 38274, 100;2, 0, 0;3, 0, 0;
1787169902.178637726 0, 38486, 100;1, 38274, 100;2, 0, 0;3, 0, 0;
1787169904.453460351 0, 38486, 100;1, 38274, 100;2, 0, 0;3, 0, 0;
1787169906.707636473 0, 38486, 100;1, 38274, 100;2, 0, 0;3, 0, 0;
1787169908.979364758 0, 38486, 90;1, 38274, 95;2, 0, 0;3, 0, 0;
1787169911.436867343 0, 38486, 99;1, 38274, 90;2, 0, 0;3, 0, 0;
1787169913.704390677 0, 38486, 100;1, 38274, 100;2, 0, 0;3, 0, 0;
1787169915.981673917 0, 38486, 100;1, 38274, 100;2, 0, 0;3, 0, 0;
1787169918.249587824 0, 38486, 100;1, 38274, 99;2, 0, 0;3, 0, 0;
1787169920.524947304 0, 38486, 100;1, 38274, 100;2, 0, 0;3, 0, 0;
1787169922.769054549 0, 38486, 100;1, 38274, 99;2, 0, 0;3, 0, 0;
1787169925.042002980 0, 38486, 100;1, 38274, 100;2, 0, 0;3, 0, 0;
1787169927.313098684 0, 38486, 100;1, 38274, 100;2, 0, 0;3, 0, 0;
1787169929.597039008 0, 38562, 100;1, 38274, 99;2, 0, 0;3, 0, 0;
1787169931.867213934 0, 38562, 99;1, 38274, 100;2, 0, 0;3, 0, 0;
1787169934.136744885 0, 38562, 100;1, 38274, 99;2, 0, 0;3, 0, 0;
1787169936.416996773 0, 38306, 100;1, 38274, 100;2, 0, 0;3, 0, 0;
1787169938.697727708 0, 38306, 100;1, 38162, 100;2, 0, 0;3, 0, 0;
1787169940.967682307 0, 38306, 100;1, 38162, 100;2, 0, 0;3, 0, 0;
1787169943.240090895 0, 38306, 100;1, 38162, 100;2, 0, 0;3, 0, 0;
1787169945.515793472 0, 38306, 100;1, 38162, 100;2, 0, 0;3, 0, 0;
1787169947.787959262 0, 38306, 99;1, 38162, 100;2, 0, 0;3, 0, 0;
1787169950.056895674 0, 38306, 100;1, 38162, 99;2, 0, 0;3, 0, 0;
1787169952.333995580 0, 38306, 100;1, 38162, 100;2, 0, 0;3, 0, 0;
1787169954.603681335 0, 38306, 100;1, 38162, 100;2, 0, 0;3, 0, 0;
1787169956.876369388 0, 38306, 100;1, 38162, 100;2, 0, 0;3, 0, 0;
1787169959.142802390 0, 38306, 100;1, 38162, 100;2, 0, 0;3, 0, 0;
1787169961.410657000 0, 38306, 100;1, 38162, 100;2, 0, 0;3, 0, 0;
1787169963.680306397 0, 38306, 99;1, 38162, 100;2, 0, 0;3, 0, 0;
1787169965.956470877 0, 38178, 100;1, 38162, 100;2, 0, 0;3, 0, 0;
1787169968.225426235 0, 38178, 100;1, 38162, 100;2, 0, 0;3, 0, 0;
1787169970.470720263 0, 38178, 100;1, 38162, 100;2, 0, 0;3, 0, 0;
1787169972.735662668 0, 38178, 100;1, 38162, 99;2, 0, 0;3, 0, 0;
1787169975.006691444 0, 38180, 99;1, 38162, 100;2, 0, 0;3, 0, 0;
1787169977.281590451 0, 38180, 100;1, 37938, 100;2, 0, 0;3, 0, 0;
1787169979.550572626 0, 38180, 100;1, 37940, 100;2, 0, 0;3, 0, 0;
1787169981.821812240 0, 38052, 100;1, 37940, 100;2, 0, 0;3, 0, 0;
1787169984.102345358 0, 38052, 100;1, 37940, 100;2, 0, 0;3, 0, 0;
1787169986.354796613 0, 38052, 99;1, 37940, 100;2, 0, 0;3, 0, 0;
1787169988.701182963 0, 38052, 64;1, 37940, 77;2, 0, 0;3, 0, 0;
1787169991.022982463 0, 38052, 100;1, 37940, 100;2, 0, 0;3, 0, 0;
1787169993.321732214 0, 38052, 100;1, 37940, 100;2, 0, 0;3, 0, 0;
1787169995.611811860 0, 38052, 99;1, 37940, 100;2, 0, 0;3, 0, 0;
1787169997.894076734 0, 38144, 100;1, 37940, 100;2, 0, 0;3, 0, 0;
1787170000.173708610 0, 38406, 100;1, 37940, 98;2, 0, 0;3, 0, 0;
1787170002.437305724 0, 38406, 100;1, 37940, 100;2, 0, 0;3, 0, 0;
1787170004.717499131 0, 38406, 100;1, 37940, 100;2, 0, 0;3, 0, 0;
1787170006.988936643 0, 38406, 100;1, 37940, 100;2, 0, 0;3, 0, 0;
1787170009.262952304 0, 38406, 100;1, 37940, 100;2, 0, 0;3, 0, 0;
1787170011.530653484 0, 38534, 100;1, 37940, 100;2, 0, 0;3, 0, 0;
1787170013.811765193 0, 38662, 100;1, 37940, 100;2, 0, 0;3, 0, 0;
1787170016.089599153 0, 38662, 100;1, 37940, 100;2, 0, 0;3, 0, 0;
1787170018.361484372 0, 38662, 99;1, 37940, 100;2, 0, 0;3, 0, 0;
1787170020.636232520 0, 38662, 100;1, 37940, 100;2, 0, 0;3, 0, 0;
1787170022.912147154 0, 38662, 99;1, 37940, 100;2, 0, 0;3, 0, 0;
1787170025.182941797 0, 38662, 99;1, 37940, 100;2, 0, 0;3, 0, 0;
1787170027.459754752 0, 38662, 100;1, 37940, 100;2, 0, 0;3, 0, 0;
1787170029.740903487 0, 38944, 100;1, 37940, 100;2, 0, 0;3, 0, 0;
1787170031.983203643 0, 39072, 100;1, 37940, 100;2, 0, 0;3, 0, 0;
1787170034.260773244 0, 39072, 100;1, 38052, 100;2, 0, 0;3, 0, 0;
1787170036.508651166 0, 39072, 100;1, 38052, 100;2, 0, 0;3, 0, 0;
1787170038.777473407 0, 39072, 100;1, 38052, 100;2, 0, 0;3, 0, 0;
1787170041.053726651 0, 39072, 100;1, 38238, 100;2, 0, 0;3, 0, 0;
1787170043.330372630 0, 39072, 99;1, 38238, 100;2, 0, 0;3, 0, 0;
1787170045.605510001 0, 39072, 99;1, 38238, 100;2, 0, 0;3, 0, 0;
1787170047.846039681 0, 39072, 99;1, 38238, 100;2, 0, 0;3, 0, 0;
1787170050.129469369 0, 39072, 100;1, 38238, 100;2, 0, 0;3, 0, 0;
1787170052.405122375 0, 39072, 100;1, 38238, 100;2, 0, 0;3, 0, 0;
1787170054.678339603 0, 39072, 99;1, 38238, 100;2, 0, 0;3, 0, 0;
1787170056.954879900 0, 39072, 100;1, 38238, 100;2, 0, 0;3, 0, 0;
1787170059.191195437 0, 39072, 100;1, 38238, 100;2, 0, 0;3, 0, 0;
1787170061.435347277 0, 39072, 100;1, 38238, 100;2, 0, 0;3, 0, 0;
1787170063.704458950 0, 39072, 100;1, 38238, 100;2, 0, 0;3, 0, 0;
1787170065.971235745 0, 39072, 66;1, 38238, 49;2, 0, 0;3, 0, 0;
1787170068.447648437 0, 38688, 100;1, 38350, 100;2, 0, 0;3, 0, 0;
1787170070.718093216 0, 38688, 100;1, 38350, 100;2, 0, 0;3, 0, 0;
1787170072.998883122 0, 38688, 99;1, 38350, 100;2, 0, 0;3, 0, 0;
1787170075.271476573 0, 38688, 99;1, 38350, 100;2, 0, 0;3, 0, 0;
1787170077.524132405 0, 38974, 100;1, 38350, 100;2, 0, 0;3, 0, 0;
1787170079.792405190 0, 38974, 100;1, 38350, 91;2, 0, 0;3, 0, 0;
1787170082.048253505 0, 38974, 100;1, 38350, 100;2, 0, 0;3, 0, 0;
1787170084.325156719 0, 38974, 100;1, 38350, 100;2, 0, 0;3, 0, 0;
1787170086.599387414 0, 38974, 100;1, 38350, 100;2, 0, 0;3, 0, 0;
1787170088.884101057 0, 38974, 100;1, 38350, 100;2, 0, 0;3, 0, 0;
1787170091.161874685 0, 38974, 99;1, 38350, 100;2, 0, 0;3, 0, 0;
1787170093.429581556 0, 38974, 100;1, 38350, 100;2, 0, 0;3, 0, 0;
1787170095.697597402 0, 38974, 100;1, 38350, 100;2, 0, 0;3, 0, 0;
1787170097.981518561 0, 38974, 100;1, 38350, 100;2, 0, 0;3, 0, 0;
1787170100.257690985 0, 38974, 100;1, 38350, 100;2, 0, 0;3, 0, 0;
1787170102.531444041 0, 38974, 100;1, 38350, 99;2, 0, 0;3, 0, 0;
1787170104.775691826 0, 38974, 100;1, 38350, 100;2, 0, 0;3, 0, 0;
1787170107.022563698 0, 39902, 100;1, 38350, 100;2, 0, 0;3, 0, 0;
1787170109.269638675 0, 39902, 100;1, 38350, 100;2, 0, 0;3, 0, 0;
1787170111.548937594 0, 39902, 100;1, 38350, 100;2, 0, 0;3, 0, 0;
1787170113.821612850 0, 39902, 99;1, 38350, 100;2, 0, 0;3, 0, 0;
1787170116.102137220 0, 39902, 100;1, 38350, 100;2, 0, 0;3, 0, 0;
1787170118.383846475 0, 39006, 100;1, 38350, 100;2, 0, 0;3, 0, 0;
1787170120.671271201 0, 39006, 100;1, 38350, 99;2, 0, 0;3, 0, 0;
1787170122.948924509 0, 39006, 100;1, 38350, 100;2, 0, 0;3, 0, 0;
1787170125.220292894 0, 39006, 100;1, 38350, 100;2, 0, 0;3, 0, 0;
1787170127.496134379 0, 39006, 100;1, 38350, 100;2, 0, 0;3, 0, 0;
1787170129.772462628 0, 39006, 100;1, 38350, 100;2, 0, 0;3, 0, 0;
1787170132.046591049 0, 39006, 99;1, 38350, 100;2, 0, 0;3, 0, 0;
1787170134.319465042 0, 39006, 100;1, 38350, 99;2, 0, 0;3, 0, 0;
1787170136.591482169 0, 39006, 100;1, 38350, 100;2, 0, 0;3, 0, 0;
1787170138.868578635 0, 39006, 99;1, 38350, 100;2, 0, 0;3, 0, 0;
1787170141.152547214 0, 39006, 100;1, 38350, 100;2, 0, 0;3, 0, 0;
1787170143.399382822 0, 39006, 65;1, 38350, 78;2, 0, 0;3, 0, 0;
1787170145.789021338 0, 39006, 100;1, 38350, 100;2, 0, 0;3, 0, 0;
1787170148.056585289 0, 39006, 98;1, 38350, 100;2, 0, 0;3, 0, 0;
1787170150.325445446 0, 39006, 99;1, 38350, 100;2, 0, 0;3, 0, 0;
1787170152.598803602 0, 39006, 100;1, 38350, 98;2, 0, 0;3, 0, 0;
1787170154.878139170 0, 39006, 100;1, 38350, 100;2, 0, 0;3, 0, 0;
1787170157.152869315 0, 39006, 100;1, 38350, 100;2, 0, 0;3, 0, 0;
1787170159.428693216 0, 39006, 100;1, 38350, 100;2, 0, 0;3, 0, 0;
1787170161.711190229 0, 39006, 100;1, 38350, 100;2, 0, 0;3, 0, 0;
1787170163.991593094 0, 39006, 99;1, 38350, 100;2, 0, 0;3, 0, 0;
1787170166.267641867 0, 39006, 100;1, 38350, 100;2, 0, 0;3, 0, 0;
1787170168.535942354 0, 39006, 100;1, 38350, 100;2, 0, 0;3, 0, 0;
1787170170.816650840 0, 39006, 100;1, 38350, 100;2, 0, 0;3, 0, 0;
1787170173.098478051 0, 39006, 100;1, 38350, 100;2, 0, 0;3, 0, 0;
1787170175.367964381 0, 39006, 100;1, 38350, 100;2, 0, 0;3, 0, 0;
1787170177.647112057 0, 39006, 100;1, 38350, 100;2, 0, 0;3, 0, 0;
1787170179.925960856 0, 39006, 100;1, 38350, 100;2, 0, 0;3, 0, 0;
1787170182.197424199 0, 39006, 100;1, 38350, 100;2, 0, 0;3, 0, 0;
1787170184.469183097 0, 39006, 100;1, 38686, 100;2, 0, 0;3, 0, 0;
1787170186.735823152 0, 39006, 100;1, 38686, 100;2, 0, 0;3, 0, 0;
1787170189.009982509 0, 39006, 100;1, 38686, 100;2, 0, 0;3, 0, 0;
1787170191.275081230 0, 39006, 100;1, 38686, 100;2, 0, 0;3, 0, 0;
1787170193.547987333 0, 39006, 100;1, 38686, 100;2, 0, 0;3, 0, 0;
1787170195.818964678 0, 39006, 100;1, 38686, 99;2, 0, 0;3, 0, 0;
1787170198.098476687 0, 39006, 100;1, 38686, 100;2, 0, 0;3, 0, 0;
1787170200.378023880 0, 39006, 99;1, 38462, 100;2, 0, 0;3, 0, 0;
1787170202.653887202 0, 39006, 100;1, 38462, 100;2, 0, 0;3, 0, 0;
1787170204.897908897 0, 39006, 100;1, 38462, 100;2, 0, 0;3, 0, 0;
1787170207.167873008 0, 39006, 100;1, 38462, 99;2, 0, 0;3, 0, 0;
1787170209.449102058 0, 39006, 100;1, 38462, 100;2, 0, 0;3, 0, 0;
1787170211.732159963 0, 39006, 100;1, 38462, 100;2, 0, 0;3, 0, 0;
1787170214.008660753 0, 38494, 0;1, 38238, 92;2, 0, 0;3, 0, 0;
