1787250945.031468288 0, 38997, 0;1, 32207, 0;2, 21349, 0;3, 10721, 0;
1787250948.494101472 0, 39875, 8;1, 32471, 19;2, 22045, 7;3, 10721, 0;
1787250952.350201816 0, 39877, 96;1, 32491, 97;2, 22047, 92;3, 10721, 0;
1787250954.994604329 0, 39877, 28;1, 32705, 16;2, 22449, 14;3, 10721, 0;
1787250958.883128240 0, 39941, 98;1, 32869, 95;2, 22873, 93;3, 10721, 0;
1787250961.500989309 0, 39941, 25;1, 32871, 14;2, 23111, 20;3, 10721, 0;
1787250965.335839839 0, 39941, 55;1, 33323, 97;2, 23433, 91;3, 10721, 0;
1787250967.940337936 0, 40077, 11;1, 33435, 20;2, 23505, 12;3, 10721, 0;
1787250971.540232938 0, 40867, 68;1, 33435, 98;2, 23945, 92;3, 10721, 0;
1787250974.118512733 0, 40995, 28;1, 33659, 11;2, 24281, 0;3, 10721, 0;
1787250977.853423837 0, 40995, 96;1, 33771, 96;2, 24841, 47;3, 10721, 0;
1787250980.422598292 0, 40995, 11;1, 33771, 10;2, 24953, 23;3, 10721, 0;
1787250983.922423727 0, 41347, 23;1, 33927, 12;2, 25177, 23;3, 11073, 2;
1787250987.233775500 0, 42427, 0;1, 33927, 27;2, 25289, 30;3, 12153, 3;
1787250990.155953455 0, 43771, 40;1, 33927, 29;2, 25401, 29;3, 13517, 0;
1787250993.065512054 0, 43901, 65;1, 33927, 97;2, 25401, 97;3, 13627, 2;
1787250995.671067857 0, 44497, 36;1, 34177, 19;2, 25535, 16;3, 14223, 12;
1787250999.523176175 0, 44935, 100;1, 34177, 95;2, 25849, 99;3, 14223, 35;
1787251002.110187805 0, 45217, 18;1, 34177, 17;2, 25849, 54;3, 14223, 53;
1787251005.856144751 0, 46305, 0;1, 34177, 14;2, 25849, 22;3, 14223, 8;
1787251008.758726525 0, 43855, 27;1, 34177, 15;2, 23131, 11;3, 14223, 16;
1787251012.677009508 0, 44359, 99;1, 34177, 99;2, 23131, 48;3, 14223, 70;
1787251015.322385074 0, 44533, 45;1, 34349, 0;2, 23171, 6;3, 21925, 4;
1787251019.217444559 0, 44363, 23;1, 34177, 20;2, 22795, 8;3, 22727, 18;
1787251023.025456548 0, 45001, 97;1, 34177, 97;2, 22795, 51;3, 22751, 18;
1787251025.635352752 0, 45001, 21;1, 34177, 22;2, 22347, 4;3, 22773, 5;
1787251029.599490485 0, 45257, 55;1, 34177, 70;2, 22123, 45;3, 22773, 42;
1787251032.292517184 0, 43797, 15;1, 34177, 34;2, 22011, 7;3, 22797, 0;
1787251035.922491669 0, 36703, 84;1, 34177, 95;2, 22011, 48;3, 22797, 27;
1787251038.545218881 0, 36703, 20;1, 34177, 20;2, 21889, 4;3, 22797, 4;
1787251042.374077717 0, 36703, 46;1, 34265, 89;2, 21155, 43;3, 22797, 21;
1787251044.994125127 0, 36863, 0;1, 34265, 14;2, 21155, 7;3, 22777, 0;
1787251048.511753003 0, 34599, 3;1, 34265, 23;2, 21155, 5;3, 19849, 32;
1787251051.419684925 0, 35419, 22;1, 34265, 13;2, 21155, 7;3, 19923, 4;
1787251055.277678293 0, 35419, 0;1, 34265, 15;2, 21155, 0;3, 19923, 25;
1787251057.867044838 0, 35419, 20;1, 34265, 6;2, 21155, 8;3, 19923, 15;
1787251061.752703547 0, 35419, 0;1, 34265, 4;2, 21155, 4;3, 20189, 0;
1787251065.216542979 0, 35419, 26;1, 34265, 9;2, 21155, 4;3, 20445, 0;
1787251068.607219432 0, 35419, 19;1, 34323, 7;2, 21155, 8;3, 20613, 14;
1787251071.892893842 0, 35419, 13;1, 34489, 26;2, 21153, 8;3, 20615, 9;
1787251075.096235211 0, 35419, 18;1, 34601, 8;2, 20931, 8;3, 20617, 24;
1787251078.864634720 0, 35271, 7;1, 34601, 7;2, 20595, 7;3, 20761, 4;
1787251082.356106073 0, 34651, 36;1, 34601, 88;2, 20595, 25;3, 20761, 40;
1787251085.013127404 0, 34395, 5;1, 34601, 0;2, 20595, 14;3, 20761, 4;
1787251088.061853168 0, 33155, 0;1, 35061, 15;2, 20595, 7;3, 20761, 4;
1787251091.420249992 0, 32731, 86;1, 35397, 90;2, 20595, 59;3, 20761, 55;
1787251094.053347449 0, 32731, 12;1, 35399, 7;2, 20595, 7;3, 20761, 16;
1787251097.887101548 0, 32091, 92;1, 35399, 92;2, 20483, 28;3, 20873, 62;
1787251100.506382709 0, 31707, 12;1, 35389, 17;2, 20483, 7;3, 20873, 4;
1787251104.267342511 0, 31195, 91;1, 29803, 72;2, 20483, 60;3, 20873, 31;
1787251106.874634830 0, 31195, 6;1, 29803, 16;2, 20483, 4;3, 20873, 12;
1787251110.615974662 0, 31067, 89;1, 29803, 85;2, 20483, 50;3, 20873, 7;
1787251113.251826269 0, 31067, 8;1, 29803, 6;2, 20483, 4;3, 20873, 12;
1787251117.027926196 0, 31067, 86;1, 29803, 82;2, 20483, 56;3, 20873, 53;
1787251119.643036504 0, 31067, 6;1, 29803, 13;2, 20483, 0;3, 20873, 15;
1787251123.420222608 0, 31067, 71;1, 29803, 77;2, 20483, 49;3, 20989, 41;
1787251126.025622982 0, 31067, 9;1, 29803, 7;2, 20483, 3;3, 20989, 4;
1787251129.700329662 0, 31067, 38;1, 29803, 90;2, 20483, 46;3, 20989, 62;
1787251132.316359776 0, 31073, 12;1, 29937, 6;2, 20617, 0;3, 24595, 4;
1787251136.183146835 0, 30939, 12;1, 29803, 18;2, 20483, 4;3, 26493, 4;
1787251140.623947003 0, 30811, 0;1, 29691, 18;2, 20371, 7;3, 26999, 5;
1787251144.189605868 0, 30811, 92;1, 29467, 87;2, 20371, 40;3, 27453, 10;
1787251146.848487640 0, 30811, 84;1, 29243, 86;2, 20147, 19;3, 27453, 94;
1787251149.473123799 0, 30427, 0;1, 29243, 11;2, 20147, 0;3, 27455, 11;
1787251152.745800844 0, 30427, 0;1, 28459, 0;2, 20147, 0;3, 27455, 56;
1787251155.480097481 0, 30427, 0;1, 28459, 0;2, 20147, 0;3, 27455, 24;
1787251159.488535931 0, 30427, 0;1, 28459, 0;2, 20147, 0;3, 27567, 97;
1787251162.110338949 0, 30427, 0;1, 28459, 0;2, 20147, 0;3, 27679, 12;
1787251165.568307779 0, 30427, 0;1, 28459, 0;2, 20147, 0;3, 27679, 97;
1787251168.158876237 0, 30433, 0;1, 28459, 0;2, 20583, 8;3, 28099, 16;
1787251172.126707485 0, 31451, 95;1, 28459, 0;2, 23543, 55;3, 31075, 93;
1787251174.742015352 0, 31451, 11;1, 28459, 0;2, 23543, 15;3, 31075, 37;
1787251178.493676337 0, 32091, 78;1, 28459, 0;2, 23543, 93;3, 31075, 70;
1787251181.143222246 0, 32731, 25;1, 28459, 0;2, 23545, 23;3, 31077, 32;
1787251184.906104606 0, 33243, 91;1, 30115, 13;2, 26321, 51;3, 31077, 69;
1787251187.441663313 0, 33917, 0;1, 14161, 0;2, 26943, 0;3, 30629, 0;
1787251191.257319557 0, 35069, 0;1, 14161, 0;2, 26943, 22;3, 30629, 35;
1787251195.179330703 0, 36417, 38;1, 14161, 4;2, 26943, 98;3, 30629, 95;
1787251197.764786421 0, 36801, 6;1, 14161, 0;2, 24099, 0;3, 29573, 0;
1787251201.567373894 0, 36801, 93;1, 14161, 71;2, 24099, 95;3, 27785, 0;
1787251204.119819419 0, 36801, 24;1, 14161, 36;2, 24099, 21;3, 27785, 0;
1787251207.566011826 0, 37697, 92;1, 14161, 73;2, 24099, 92;3, 27785, 0;
1787251210.197705167 0, 37987, 0;1, 14161, 4;2, 24099, 9;3, 27785, 0;
1787251214.081738562 0, 38921, 0;1, 14161, 25;2, 24099, 26;3, 27785, 0;
1787251217.488322116 0, 39095, 0;1, 14161, 23;2, 24099, 29;3, 27601, 2;
1787251220.662499614 0, 39361, 0;1, 14225, 16;2, 24163, 21;3, 27225, 2;
1787251224.111468202 0, 39649, 0;1, 14225, 8;2, 24275, 34;3, 26721, 2;
1787251227.275952335 0, 40979, 93;1, 20813, 69;2, 24783, 96;3, 25397, 9;
1787251229.853273019 0, 41991, 52;1, 23489, 27;2, 24873, 41;3, 26471, 52;
1787251233.443317565 0, 41807, 86;1, 23351, 96;2, 24611, 96;3, 28349, 86;
1787251236.073304511 0, 41807, 16;1, 23415, 7;2, 24787, 6;3, 28423, 6;
1787251239.618483364 0, 41807, 28;1, 23481, 15;2, 24853, 0;3, 28423, 3;
1787251242.382539375 0, 41551, 30;1, 23481, 24;2, 25301, 17;3, 28537, 12;
1787251246.239963954 0, 41295, 53;1, 23481, 50;2, 25413, 84;3, 28537, 65;
1787251248.866564244 0, 40911, 4;1, 23481, 13;2, 25711, 0;3, 28537, 11;
1787251252.849689494 0, 40783, 94;1, 23689, 95;2, 26923, 96;3, 28537, 46;
1787251255.435263230 0, 40783, 94;1, 23689, 95;2, 26923, 97;3, 28537, 35;
1787251258.079528674 0, 40015, 94;1, 23689, 96;2, 26923, 97;3, 28537, 90;
1787251260.703536364 0, 39241, 18;1, 23689, 16;2, 26923, 15;3, 28537, 16;
1787251264.467920191 0, 38863, 93;1, 23689, 97;2, 26923, 97;3, 28649, 90;
1787251267.082217066 0, 38329, 0;1, 23689, 26;2, 26923, 12;3, 28889, 0;
1787251270.959700947 0, 37327, 12;1, 23689, 13;2, 26923, 8;3, 29451, 25;
1787251274.843803119 0, 35791, 69;1, 23689, 41;2, 26923, 61;3, 29451, 75;
1787251277.463069632 0, 35507, 0;1, 23689, 12;2, 26587, 12;3, 29931, 0;
1787251281.362995264 0, 33103, 25;1, 23689, 95;2, 26363, 95;3, 30621, 26;
1787251284.043786426 0, 31731, 0;1, 23689, 12;2, 25617, 15;3, 30957, 22;
1787251287.875461976 0, 31311, 0;1, 23689, 13;2, 24795, 4;3, 31293, 5;
1787251291.876483761 0, 31311, 0;1, 23689, 12;2, 24795, 16;3, 31407, 0;
1787251295.153064257 0, 31311, 0;1, 23689, 30;2, 24795, 20;3, 31521, 37;
1787251298.132505242 0, 31311, 0;1, 23689, 16;2, 24795, 3;3, 31803, 0;
1787251301.432543518 0, 31311, 0;1, 23689, 8;2, 24795, 14;3, 32299, 0;
1787251304.462624410 0, 31311, 0;1, 23689, 6;2, 24795, 0;3, 34075, 0;
1787251308.377066271 0, 31311, 0;1, 23689, 98;2, 24795, 45;3, 34587, 89;
1787251311.048409030 0, 31311, 0;1, 23689, 14;2, 24795, 11;3, 34699, 21;
1787251315.001770659 0, 12123, 100;1, 23689, 53;2, 15747, 45;3, 34699, 43;
1787251317.657167607 0, 12123, 0;1, 23689, 12;2, 15747, 7;3, 34699, 6;
1787251321.429717003 0, 12123, 0;1, 23689, 97;2, 15747, 36;3, 34699, 27;
1787251324.064826695 0, 12123, 0;1, 23689, 17;2, 15747, 0;3, 34699, 0;
1787251327.738545185 0, 12123, 0;1, 23689, 97;2, 15747, 57;3, 34699, 88;
1787251330.329827432 0, 12123, 0;1, 23689, 8;2, 15747, 0;3, 34699, 10;
1787251334.113588803 0, 12123, 0;1, 23689, 97;2, 15747, 46;3, 34699, 93;
1787251336.725787809 0, 12123, 0;1, 23689, 10;2, 15747, 4;3, 34699, 6;
1787251340.431737316 0, 12123, 0;1, 23689, 96;2, 15747, 76;3, 34699, 44;
1787251343.058422833 0, 12123, 0;1, 23689, 14;2, 15747, 0;3, 34699, 0;
1787251346.922359496 0, 12123, 0;1, 23689, 10;2, 15747, 23;3, 34699, 10;
1787251349.943874991 0, 31133, 70;1, 24089, 49;2, 16127, 34;3, 35087, 46;
1787251353.022672893 0, 35309, 7;1, 23689, 20;2, 15747, 8;3, 34699, 7;
1787251356.789177231 0, 35615, 20;1, 23689, 9;2, 15747, 19;3, 34699, 18;
1787251360.611706168 0, 35743, 98;1, 23689, 97;2, 15747, 37;3, 34699, 88;
1787251363.212950389 0, 35871, 19;1, 23689, 13;2, 15747, 10;3, 34699, 12;
1787251367.012314318 0, 35871, 97;1, 23691, 90;2, 15747, 77;3, 33691, 50;
1787251369.618747819 0, 35871, 16;1, 23691, 21;2, 15747, 0;3, 33329, 0;
1787251374.018545737 0, 35871, 21;1, 23691, 41;2, 15747, 18;3, 32795, 8;
1787251376.930856996 0, 35871, 33;1, 23691, 16;2, 15747, 18;3, 32795, 9;
1787251380.007442830 0, 35871, 16;1, 23691, 29;2, 15747, 67;3, 32011, 28;
1787251382.650872934 0, 35871, 10;1, 23691, 14;2, 15747, 22;3, 32011, 17;
1787251386.138730291 0, 35871, 12;1, 23691, 1;2, 15747, 4;3, 31899, 16;
1787251388.843572743 0, 35615, 0;1, 23691, 0;2, 15747, 0;3, 31433, 0;
