1787212357.019172326 0, 35432, 0;1, 35446, 0;
1787212359.232458831 0, 35964, 0;1, 35902, 0;
1787212361.442538214 0, 34018, 99;1, 44358, 67;
1787212363.629378139 0, 34020, 99;1, 44504, 100;
1787212365.798938478 0, 34022, 99;1, 44756, 100;
1787212367.956887673 0, 34042, 99;1, 45442, 100;
1787212370.128622523 0, 34298, 99;1, 45554, 77;
1787212372.299133248 0, 34298, 99;1, 45890, 100;
1787212374.448770381 0, 34298, 50;1, 46226, 100;
1787212376.641783970 0, 34298, 50;1, 46566, 100;
1787212378.811445855 0, 34340, 51;1, 46790, 100;
1787212380.982707537 0, 34634, 99;1, 46790, 100;
1787212383.151848787 0, 35160, 99;1, 46904, 100;
1787212385.302571906 0, 35160, 97;1, 46904, 100;
1787212387.554390824 0, 35234, 70;1, 47016, 100;
1787212389.747595605 0, 49858, 100;1, 47122, 99;
1787212391.942849895 0, 51574, 96;1, 47122, 91;
1787212394.144521823 0, 51950, 88;1, 47122, 84;
1787212396.357182132 0, 52064, 48;1, 47146, 73;
1787212398.514828993 0, 52064, 100;1, 47146, 100;
1787212400.684545704 0, 52064, 100;1, 47146, 100;
1787212402.855907217 0, 52176, 100;1, 47146, 100;
1787212405.011775477 0, 52176, 100;1, 44294, 98;
1787212407.205951000 0, 52176, 100;1, 44390, 98;
1787212409.406985015 0, 52176, 100;1, 43670, 98;
1787212411.577188996 0, 52304, 99;1, 35588, 98;
1787212413.748652114 0, 52304, 100;1, 35588, 98;
1787212415.923550155 0, 52944, 99;1, 44124, 100;
1787212418.094149866 0, 53202, 99;1, 44124, 100;
1787212420.247531345 0, 53740, 100;1, 58754, 100;
1787212422.425350115 0, 53458, 99;1, 60552, 100;
1787212424.718984025 0, 53970, 99;1, 60894, 100;
1787212426.894636369 0, 37164, 93;1, 60894, 100;
1787212429.068993767 0, 37164, 92;1, 60894, 100;
1787212431.250393769 0, 37164, 90;1, 60896, 100;
1787212433.434680860 0, 37164, 93;1, 60896, 91;
1787212435.593528685 0, 36908, 91;1, 60896, 100;
1787212437.766390375 0, 36268, 93;1, 60896, 100;
1787212439.940435965 0, 35756, 93;1, 61008, 99;
1787212442.115548137 0, 35756, 93;1, 61008, 100;
1787212444.307961504 0, 35628, 93;1, 61008, 100;
1787212446.478079109 0, 35628, 92;1, 61008, 100;
1787212448.631741662 0, 35628, 93;1, 61008, 92;
1787212451.007507065 0, 35628, 93;1, 61320, 100;
1787212453.204446611 0, 35628, 91;1, 61320, 100;
1787212455.405023022 0, 35628, 89;1, 61320, 100;
1787212457.599301166 0, 33810, 93;1, 61320, 100;
1787212459.752930616 0, 33810, 94;1, 61320, 74;
1787212461.927791239 0, 34066, 94;1, 61320, 100;
1787212464.096302590 0, 34066, 93;1, 61322, 100;
1787212466.289522585 0, 33938, 93;1, 61322, 100;
1787212468.479328706 0, 33810, 93;1, 61322, 100;
1787212470.650303863 0, 33682, 91;1, 61466, 100;
1787212472.824986765 0, 33426, 74;1, 61578, 86;
1787212475.078188905 0, 33426, 50;1, 61722, 88;
1787212477.375471564 0, 33426, 92;1, 61946, 100;
1787212479.573653272 0, 33426, 0;1, 61722, 100;
1787212481.773745063 0, 33426, 0;1, 61834, 100;
1787212483.966637499 0, 35374, 97;1, 61834, 100;
1787212486.159384235 0, 35520, 99;1, 61834, 95;
1787212488.333043012 0, 35664, 100;1, 61946, 100;
1787212490.505241127 0, 35664, 99;1, 62058, 100;
1787212492.658474259 0, 35664, 99;1, 62058, 100;
1787212494.810833965 0, 35664, 99;1, 45082, 100;
1787212497.006709556 0, 35664, 99;1, 45082, 98;
1787212499.196331201 0, 35664, 99;1, 45194, 99;
1787212501.349658185 0, 35664, 100;1, 45194, 80;
1787212503.620104000 0, 35664, 100;1, 45194, 98;
1787212505.806514034 0, 35664, 99;1, 45194, 99;
1787212507.999668030 0, 35976, 99;1, 45194, 98;
1787212510.177216116 0, 35976, 99;1, 45194, 99;
1787212512.371334214 0, 35976, 100;1, 45194, 63;
1787212514.523731477 0, 35976, 99;1, 45194, 99;
1787212516.693959394 0, 35976, 99;1, 43506, 99;
1787212518.847620815 0, 35978, 99;1, 43506, 99;
1787212520.996380680 0, 35978, 99;1, 43506, 99;
1787212523.191018167 0, 35978, 100;1, 43506, 99;
1787212525.378567335 0, 35978, 100;1, 43506, 99;
1787212527.529217816 0, 35978, 99;1, 43506, 99;
1787212529.700217108 0, 35978, 99;1, 43506, 99;
1787212531.857223121 0, 35978, 100;1, 43394, 97;
1787212534.027788750 0, 35978, 99;1, 43394, 99;
1787212536.220570574 0, 36094, 99;1, 43394, 99;
1787212538.378043951 0, 36094, 78;1, 43394, 59;
1787212540.549014668 0, 36094, 99;1, 43394, 100;
1787212542.748386157 0, 36094, 99;1, 43394, 100;
1787212544.922737135 0, 36094, 99;1, 43394, 99;
1787212547.073420253 0, 47354, 100;1, 43416, 98;
1787212549.267178651 0, 49700, 85;1, 40434, 59;
1787212551.546250240 0, 49702, 99;1, 40156, 0;
1787212553.716828619 0, 49820, 96;1, 40156, 0;
1787212555.917091545 0, 49820, 97;1, 40156, 0;
1787212558.087403041 0, 49820, 97;1, 40156, 0;
1787212560.277422202 0, 49932, 98;1, 40156, 0;
1787212562.452350666 0, 49932, 96;1, 40156, 0;
1787212564.624800415 0, 49932, 98;1, 40156, 0;
1787212566.798904032 0, 49932, 97;1, 40156, 0;
1787212568.976128651 0, 49932, 97;1, 40156, 0;
1787212571.152023771 0, 49932, 98;1, 40156, 0;
1787212573.320728713 0, 49932, 98;1, 40156, 0;
1787212575.516622617 0, 49932, 98;1, 46744, 0;
1787212577.721096076 0, 50078, 99;1, 48488, 0;
1787212579.917704751 0, 50244, 99;1, 48488, 0;
1787212582.110178969 0, 50884, 99;1, 48488, 0;
1787212584.268381037 0, 51626, 99;1, 48488, 0;
1787212586.424019274 0, 51626, 99;1, 48488, 0;
1787212588.596493845 0, 52138, 99;1, 48488, 0;
1787212590.756950132 0, 46596, 92;1, 48488, 17;
1787212593.085984471 0, 47036, 99;1, 48488, 0;
1787212595.243779074 0, 47706, 100;1, 47368, 20;
1787212597.445923534 0, 48666, 100;1, 30980, 0;
1787212599.645007724 0, 49052, 99;1, 30980, 0;
1787212601.844808068 0, 49228, 92;1, 30980, 0;
1787212604.024334308 0, 49612, 99;1, 30980, 0;
1787212606.230469226 0, 50154, 99;1, 30980, 0;
1787212608.404931311 0, 50410, 98;1, 30980, 0;
1787212610.607166858 0, 50804, 100;1, 37860, 81;
1787212612.800366023 0, 49514, 96;1, 39284, 64;
1787212614.980874629 0, 42136, 98;1, 39284, 0;
1787212617.165042812 0, 42304, 55;1, 39284, 15;
1787212619.383627102 0, 42986, 99;1, 39284, 59;
1787212621.564294731 0, 43242, 94;1, 39284, 57;
1787212623.772788349 0, 43370, 99;1, 39284, 56;
1787212625.972288535 0, 43754, 99;1, 39284, 61;
1787212628.173075921 0, 44010, 100;1, 39284, 33;
1787212630.632638553 0, 43514, 86;1, 38564, 13;
1787212632.814175058 0, 42140, 99;1, 24362, 0;
1787212635.017270141 0, 42142, 98;1, 24474, 61;
1787212637.199892393 0, 42680, 100;1, 41724, 99;
1787212639.402550638 0, 41758, 91;1, 43570, 99;
1787212641.566771800 0, 40734, 83;1, 47382, 100;
1787212643.766268507 0, 38430, 58;1, 47662, 75;
1787212645.967205818 0, 35056, 93;1, 47728, 100;
1787212648.164299191 0, 33904, 91;1, 48054, 100;
1787212650.365328852 0, 33904, 93;1, 48356, 100;
1787212652.542669826 0, 33392, 92;1, 48688, 100;
1787212654.713955020 0, 33392, 93;1, 48800, 100;
1787212656.911431540 0, 33392, 93;1, 49026, 100;
1787212659.091960949 0, 33392, 92;1, 49138, 100;
1787212661.265094070 0, 33392, 91;1, 49570, 100;
1787212663.447913153 0, 33392, 93;1, 50018, 100;
1787212665.603279387 0, 33392, 93;1, 50018, 100;
1787212667.781778370 0, 33392, 93;1, 50018, 100;
1787212669.980502426 0, 33392, 34;1, 50018, 100;
1787212672.137007194 0, 37202, 98;1, 50018, 100;
1787212674.335335177 0, 37254, 99;1, 50018, 100;
1787212676.528151095 0, 37256, 99;1, 50130, 100;
1787212678.704589246 0, 37256, 99;1, 50242, 100;
1787212680.883557837 0, 37256, 83;1, 46410, 100;
1787212683.059698627 0, 37128, 0;1, 46186, 100;
1787212685.216224914 0, 37128, 47;1, 45852, 100;
1787212687.398831762 0, 37128, 0;1, 45380, 100;
1787212689.572362665 0, 37128, 0;1, 45492, 99;
1787212691.770341811 0, 37128, 50;1, 45716, 99;
1787212693.927670060 0, 37158, 49;1, 45940, 95;
1787212696.098381589 0, 37158, 29;1, 46052, 87;
1787212698.384198603 0, 37158, 48;1, 46386, 99;
1787212700.577502912 0, 37158, 47;1, 46498, 99;
1787212702.779620650 0, 43144, 50;1, 46610, 99;
1787212704.978087837 0, 43346, 59;1, 46610, 78;
1787212707.216218714 0, 43368, 99;1, 46610, 99;
1787212709.398505708 0, 43370, 98;1, 46610, 99;
1787212711.591870478 0, 43394, 63;1, 46610, 99;
1787212713.792209996 0, 43394, 59;1, 44250, 90;
1787212715.992254438 0, 43394, 61;1, 44250, 91;
1787212718.171481874 0, 43514, 99;1, 44250, 90;
1787212720.328686551 0, 43548, 99;1, 44138, 86;
1787212722.504654508 0, 43548, 59;1, 44138, 67;
1787212724.670662646 0, 43584, 63;1, 43466, 84;
1787212726.862792260 0, 43584, 59;1, 43354, 88;
1787212729.034169707 0, 40288, 99;1, 31296, 93;
1787212731.230251199 0, 40334, 98;1, 31296, 90;
1787212733.386161252 0, 40334, 87;1, 31296, 82;
1787212735.580232456 0, 40334, 99;1, 31296, 90;
1787212737.775505362 0, 40334, 99;1, 31072, 91;
1787212739.971589017 0, 40334, 98;1, 31072, 90;
1787212742.147220019 0, 40334, 99;1, 31072, 90;
1787212744.321837917 0, 40334, 99;1, 31072, 93;
1787212746.498112179 0, 40334, 94;1, 31072, 91;
1787212748.688875324 0, 40336, 84;1, 31072, 92;
1787212750.926167645 0, 40402, 99;1, 31072, 91;
1787212753.102571445 0, 40402, 98;1, 31072, 92;
1787212755.273364589 0, 40402, 98;1, 31072, 93;
1787212757.445296178 0, 40402, 98;1, 31072, 92;
1787212759.621134972 0, 40930, 97;1, 51772, 100;
1787212761.804519921 0, 40402, 98;1, 53898, 100;
1787212763.991212858 0, 53942, 100;1, 53900, 100;
1787212766.202434495 0, 55270, 99;1, 54244, 99;
1787212768.376601537 0, 55716, 99;1, 54246, 100;
1787212770.552705712 0, 55990, 99;1, 54246, 99;
1787212772.733727489 0, 55990, 99;1, 54358, 100;
1787212774.893187944 0, 55990, 80;1, 54358, 100;
1787212777.208568442 0, 56210, 100;1, 54358, 100;
1787212779.393212197 0, 56210, 99;1, 54358, 100;
1787212781.597858584 0, 56210, 92;1, 51888, 82;
1787212783.792713643 0, 56210, 99;1, 51888, 100;
1787212785.980282247 0, 56210, 66;1, 51552, 0;
