1787338402.558263452 0, 33468, 0;1, 33482, 0;2, 0, 0;3, 0, 0;
1787338405.110537572 0, 33966, 29;1, 33922, 7;2, 0, 0;3, 0, 0;
1787338407.524215297 0, 34990, 6;1, 34464, 52;2, 0, 0;3, 0, 0;
1787338409.965850647 0, 36650, 6;1, 34464, 30;2, 0, 0;3, 0, 0;
1787338412.329938961 0, 37804, 6;1, 34576, 55;2, 0, 0;3, 0, 0;
1787338414.785164289 0, 38828, 42;1, 34602, 42;2, 0, 0;3, 0, 0;
1787338417.168243477 0, 39980, 18;1, 34846, 27;2, 0, 0;3, 0, 0;
1787338419.637793108 0, 40366, 44;1, 34958, 45;2, 0, 0;3, 0, 0;
1787338422.065712731 0, 39078, 29;1, 43968, 34;2, 0, 0;3, 0, 0;
1787338424.349672991 0, 39078, 28;1, 44286, 80;2, 0, 0;3, 0, 0;
1787338426.794009876 0, 39078, 16;1, 44416, 40;2, 0, 0;3, 0, 0;
1787338429.219428052 0, 39846, 6;1, 44826, 49;2, 0, 0;3, 0, 0;
1787338431.683387877 0, 40986, 32;1, 44864, 45;2, 0, 0;3, 0, 0;
1787338434.073970763 0, 41744, 3;1, 44976, 17;2, 0, 0;3, 0, 0;
1787338436.471912843 0, 43556, 19;1, 45312, 53;2, 0, 0;3, 0, 0;
1787338438.970031125 0, 44836, 6;1, 45424, 42;2, 0, 0;3, 0, 0;
1787338441.345393434 0, 45988, 15;1, 45424, 46;2, 0, 0;3, 0, 0;
1787338443.769817423 0, 47448, 3;1, 45536, 52;2, 0, 0;3, 0, 0;
1787338446.211891767 0, 49816, 7;1, 45536, 34;2, 0, 0;3, 0, 0;
1787338448.662733128 0, 50806, 8;1, 45536, 40;2, 0, 0;3, 0, 0;
1787338451.214587157 0, 51988, 6;1, 45536, 52;2, 0, 0;3, 0, 0;
1787338453.695454370 0, 53152, 6;1, 45536, 57;2, 0, 0;3, 0, 0;
1787338456.181138973 0, 53656, 53;1, 40428, 40;2, 0, 0;3, 0, 0;
1787338458.851788917 0, 53784, 76;1, 37822, 45;2, 0, 0;3, 0, 0;
1787338461.489406027 0, 53784, 62;1, 40408, 60;2, 0, 0;3, 0, 0;
1787338463.957979436 0, 52767, 72;1, 40910, 44;2, 0, 0;3, 0, 0;
1787338467.168883179 0, 53165, 61;1, 41302, 79;2, 0, 0;3, 0, 0;
1787338469.678659328 0, 53293, 38;1, 41588, 49;2, 0, 0;3, 0, 0;
1787338472.501007121 0, 53549, 60;1, 41588, 37;2, 0, 0;3, 0, 0;
1787338475.076361005 0, 53549, 55;1, 41674, 43;2, 0, 0;3, 0, 0;
1787338477.579998046 0, 60749, 33;1, 42156, 60;2, 0, 0;3, 0, 0;
1787338480.133599295 0, 62167, 49;1, 42380, 57;2, 0, 0;3, 0, 0;
1787338482.686183005 0, 62843, 77;1, 42492, 31;2, 0, 0;3, 0, 0;
1787338485.271799494 0, 62843, 44;1, 42492, 58;2, 0, 0;3, 0, 0;
1787338487.780898998 0, 62843, 52;1, 42694, 34;2, 0, 0;3, 0, 0;
1787338490.280438706 0, 62715, 60;1, 43254, 51;2, 0, 0;3, 0, 0;
1787338493.020288261 0, 62861, 54;1, 43366, 36;2, 0, 0;3, 0, 0;
1787338495.564561841 0, 62861, 51;1, 43702, 67;2, 0, 0;3, 0, 0;
1787338498.269706237 0, 62861, 57;1, 42806, 24;2, 0, 0;3, 0, 0;
1787338500.766375914 0, 62733, 72;1, 42806, 44;2, 0, 0;3, 0, 0;
1787338503.390087650 0, 62877, 34;1, 42806, 27;2, 0, 0;3, 0, 0;
1787338505.759642416 0, 62765, 42;1, 42982, 61;2, 0, 0;3, 0, 0;
1787338508.347582984 0, 62765, 25;1, 43094, 51;2, 0, 0;3, 0, 0;
1787338510.901073467 0, 62909, 56;1, 43542, 47;2, 0, 0;3, 0, 0;
1787338513.483501134 0, 62653, 54;1, 43542, 33;2, 0, 0;3, 0, 0;
1787338516.231425397 0, 62329, 14;1, 43542, 57;2, 0, 0;3, 0, 0;
1787338518.802836455 0, 61885, 36;1, 44004, 33;2, 0, 0;3, 0, 0;
1787338521.595626821 0, 61359, 8;1, 45570, 32;2, 0, 0;3, 0, 0;
1787338524.323183301 0, 61117, 29;1, 46408, 19;2, 0, 0;3, 0, 0;
1787338526.987764374 0, 60221, 12;1, 47374, 27;2, 0, 0;3, 0, 0;
1787338529.641979546 0, 57521, 14;1, 48228, 77;2, 0, 0;3, 0, 0;
1787338532.283380203 0, 54893, 0;1, 48908, 24;2, 0, 0;3, 0, 0;
1787338534.798434207 0, 50845, 0;1, 49150, 30;2, 0, 0;3, 0, 0;
1787338537.541065093 0, 48365, 18;1, 47230, 23;2, 0, 0;3, 0, 0;
1787338539.954516809 0, 41467, 1;1, 44386, 14;2, 0, 0;3, 0, 0;
1787338542.690603165 0, 41225, 0;1, 45095, 17;2, 0, 0;3, 0, 0;
1787338545.284134785 0, 40891, 5;1, 45875, 8;2, 0, 0;3, 0, 0;
1787338548.464681390 0, 40891, 50;1, 46353, 16;2, 0, 0;3, 0, 0;
1787338551.126258976 0, 39073, 0;1, 44355, 0;2, 0, 0;3, 0, 0;
1787338557.698687228 0, 37754, 0;1, 42826, 0;2, 0, 0;3, 0, 0;
1787338560.980082254 0, 6, 10;1, 25917, 1;2, 0, 0;3, 0, 0;
1787338564.079843279 0, 6, 0;1, 17399, 0;2, 0, 0;3, 0, 0;
1787338566.152809809 0, 6, 0;1, 17399, 0;2, 0, 0;3, 0, 0;
1787338568.230875633 0, 6, 0;1, 17399, 0;2, 0, 0;3, 0, 0;
1787338570.325352740 0, 6, 0;1, 17399, 0;2, 0, 0;3, 0, 0;
1787338572.405932104 0, 0, 0;1, 0, 0;2, 0, 0;3, 0, 0;
1787338574.482886156 0, 0, 0;1, 0, 0;2, 0, 0;3, 0, 0;
1787338576.579298929 0, 0, 0;1, 0, 0;2, 0, 0;3, 0, 0;
1787338578.656648092 0, 0, 0;1, 0, 0;2, 0, 0;3, 0, 0;
1787338580.748700065 0, 0, 0;1, 0, 0;2, 0, 0;3, 0, 0;
1787338582.828190016 0, 0, 0;1, 0, 0;2, 0, 0;3, 0, 0;
1787338584.908840877 0, 0, 0;1, 0, 0;2, 0, 0;3, 0, 0;
1787338586.985080388 0, 0, 0;1, 0, 0;2, 0, 0;3, 0, 0;
1787338589.081842399 0, 0, 0;1, 0, 0;2, 0, 0;3, 0, 0;
1787338591.143548011 0, 0, 0;1, 0, 0;2, 0, 0;3, 0, 0;
1787338593.205564765 0, 0, 0;1, 0, 0;2, 0, 0;3, 0, 0;
1787338595.286666596 0, 0, 0;1, 0, 0;2, 0, 0;3, 0, 0;
1787338597.367172811 0, 0, 0;1, 0, 0;2, 0, 0;3, 0, 0;
1787338599.482064638 0, 0, 0;1, 0, 0;2, 0, 0;3, 0, 0;
1787338601.603472832 0, 0, 0;1, 0, 0;2, 0, 0;3, 0, 0;
1787338603.685284146 0, 0, 0;1, 0, 0;2, 0, 0;3, 0, 0;
1787338605.799682937 0, 0, 0;1, 0, 0;2, 0, 0;3, 0, 0;
1787338607.877578295 0, 0, 0;1, 0, 0;2, 0, 0;3, 0, 0;
1787338609.963596365 0, 0, 0;1, 0, 0;2, 0, 0;3, 0, 0;
1787338612.040637995 0, 0, 0;1, 0, 0;2, 0, 0;3, 0, 0;
1787338614.116005789 0, 0, 0;1, 0, 0;2, 0, 0;3, 0, 0;
1787338616.231012832 0, 0, 0;1, 0, 0;2, 0, 0;3, 0, 0;
1787338618.344495750 0, 0, 0;1, 0, 0;2, 0, 0;3, 0, 0;
1787338620.426063987 0, 0, 0;1, 0, 0;2, 0, 0;3, 0, 0;
1787338622.543451118 0, 0, 0;1, 0, 0;2, 0, 0;3, 0, 0;
1787338624.626680368 0, 0, 0;1, 0, 0;2, 0, 0;3, 0, 0;
1787338626.702547133 0, 0, 0;1, 0, 0;2, 0, 0;3, 0, 0;
1787338628.788410515 0, 0, 0;1, 0, 0;2, 0, 0;3, 0, 0;
1787338630.866515298 0, 0, 0;1, 0, 0;2, 0, 0;3, 0, 0;
1787338632.946346626 0, 0, 0;1, 0, 0;2, 0, 0;3, 0, 0;
1787338635.026205823 0, 0, 0;1, 0, 0;2, 0, 0;3, 0, 0;
1787338637.102731671 0, 0, 0;1, 0, 0;2, 0, 0;3, 0, 0;
1787338639.186208828 0, 0, 0;1, 0, 0;2, 0, 0;3, 0, 0;
1787338641.264722322 0, 0, 0;1, 0, 0;2, 0, 0;3, 0, 0;
1787338643.379416333 0, 0, 0;1, 0, 0;2, 0, 0;3, 0, 0;
1787338645.458295448 0, 0, 0;1, 0, 0;2, 0, 0;3, 0, 0;
1787338647.534244178 0, 0, 0;1, 0, 0;2, 0, 0;3, 0, 0;
1787338649.677759030 0, 0, 0;1, 0, 0;2, 0, 0;3, 0, 0;
1787338651.761883349 0, 0, 0;1, 0, 0;2, 0, 0;3, 0, 0;
1787338653.880785374 0, 0, 0;1, 0, 0;2, 0, 0;3, 0, 0;
1787338655.959665266 0, 0, 0;1, 0, 0;2, 0, 0;3, 0, 0;
1787338658.039647688 0, 0, 0;1, 0, 0;2, 0, 0;3, 0, 0;
1787338660.120061192 0, 0, 0;1, 0, 0;2, 0, 0;3, 0, 0;
1787338662.196105478 0, 0, 0;1, 0, 0;2, 0, 0;3, 0, 0;
1787338664.275557953 0, 0, 0;1, 0, 0;2, 0, 0;3, 0, 0;
1787338666.396674093 0, 0, 0;1, 0, 0;2, 0, 0;3, 0, 0;
1787338668.474987427 0, 0, 0;1, 0, 0;2, 0, 0;3, 0, 0;
1787338670.573566148 0, 0, 0;1, 0, 0;2, 0, 0;3, 0, 0;
1787338672.651532017 0, 0, 0;1, 0, 0;2, 0, 0;3, 0, 0;
1787338674.735440418 0, 0, 0;1, 0, 0;2, 0, 0;3, 0, 0;
1787338676.798671197 0, 0, 0;1, 0, 0;2, 0, 0;3, 0, 0;
1787338678.874356965 0, 0, 0;1, 0, 0;2, 0, 0;3, 0, 0;
1787338680.967230792 0, 0, 0;1, 0, 0;2, 0, 0;3, 0, 0;
1787338683.053874375 0, 0, 0;1, 0, 0;2, 0, 0;3, 0, 0;
1787338685.130230047 0, 0, 0;1, 0, 0;2, 0, 0;3, 0, 0;
1787338687.224978569 0, 0, 0;1, 0, 0;2, 0, 0;3, 0, 0;
1787338689.345786820 0, 0, 0;1, 0, 0;2, 0, 0;3, 0, 0;
1787338691.427031773 0, 0, 0;1, 0, 0;2, 0, 0;3, 0, 0;
1787338693.510804978 0, 0, 0;1, 0, 0;2, 0, 0;3, 0, 0;
1787338695.585602373 0, 0, 0;1, 0, 0;2, 0, 0;3, 0, 0;
1787338697.664906137 0, 0, 0;1, 0, 0;2, 0, 0;3, 0, 0;
1787338699.767190732 0, 0, 0;1, 0, 0;2, 0, 0;3, 0, 0;
1787338701.850739983 0, 0, 0;1, 0, 0;2, 0, 0;3, 0, 0;
1787338703.931327816 0, 0, 0;1, 0, 0;2, 0, 0;3, 0, 0;
1787338706.010709559 0, 0, 0;1, 0, 0;2, 0, 0;3, 0, 0;
1787338708.110983054 0, 0, 0;1, 0, 0;2, 0, 0;3, 0, 0;
1787338710.192506624 0, 0, 0;1, 0, 0;2, 0, 0;3, 0, 0;
1787338712.288333599 0, 0, 0;1, 0, 0;2, 0, 0;3, 0, 0;
1787338714.383677830 0, 0, 0;1, 0, 0;2, 0, 0;3, 0, 0;
1787338716.457727682 0, 0, 0;1, 0, 0;2, 0, 0;3, 0, 0;
1787338718.534217966 0, 0, 0;1, 0, 0;2, 0, 0;3, 0, 0;
1787338720.654398613 0, 0, 0;1, 0, 0;2, 0, 0;3, 0, 0;
1787338722.768344584 0, 0, 0;1, 0, 0;2, 0, 0;3, 0, 0;
1787338724.850828629 0, 0, 0;1, 0, 0;2, 0, 0;3, 0, 0;
1787338726.946995413 0, 0, 0;1, 0, 0;2, 0, 0;3, 0, 0;
1787338729.043566191 0, 0, 0;1, 0, 0;2, 0, 0;3, 0, 0;
1787338731.130909516 0, 0, 0;1, 0, 0;2, 0, 0;3, 0, 0;
1787338733.209074391 0, 0, 0;1, 0, 0;2, 0, 0;3, 0, 0;
1787338735.288670937 0, 0, 0;1, 0, 0;2, 0, 0;3, 0, 0;
1787338737.349686611 0, 0, 0;1, 0, 0;2, 0, 0;3, 0, 0;
1787338739.464050730 0, 0, 0;1, 0, 0;2, 0, 0;3, 0, 0;
1787338741.529354850 0, 0, 0;1, 0, 0;2, 0, 0;3, 0, 0;
1787338743.647907956 0, 0, 0;1, 0, 0;2, 0, 0;3, 0, 0;
1787338745.749178890 0, 0, 0;1, 0, 0;2, 0, 0;3, 0, 0;
1787338747.866740777 0, 0, 0;1, 0, 0;2, 0, 0;3, 0, 0;
1787338749.961280861 0, 0, 0;1, 0, 0;2, 0, 0;3, 0, 0;
1787338752.056164508 0, 0, 0;1, 0, 0;2, 0, 0;3, 0, 0;
1787338754.154869517 0, 0, 0;1, 0, 0;2, 0, 0;3, 0, 0;
1787338756.235288856 0, 0, 0;1, 0, 0;2, 0, 0;3, 0, 0;
1787338758.315788985 0, 0, 0;1, 0, 0;2, 0, 0;3, 0, 0;
1787338760.398029878 0, 0, 0;1, 0, 0;2, 0, 0;3, 0, 0;
1787338762.486803858 0, 0, 0;1, 0, 0;2, 0, 0;3, 0, 0;
1787338764.581523651 0, 0, 0;1, 0, 0;2, 0, 0;3, 0, 0;
1787338766.681382447 0, 0, 0;1, 0, 0;2, 0, 0;3, 0, 0;
1787338768.781273343 0, 0, 0;1, 0, 0;2, 0, 0;3, 0, 0;
1787338770.878723638 0, 0, 0;1, 0, 0;2, 0, 0;3, 0, 0;
1787338772.956895763 0, 0, 0;1, 0, 0;2, 0, 0;3, 0, 0;
1787338775.045446488 0, 0, 0;1, 0, 0;2, 0, 0;3, 0, 0;
1787338777.126407336 0, 0, 0;1, 0, 0;2, 0, 0;3, 0, 0;
1787338779.575600763 0, 0, 0;1, 0, 0;2, 0, 0;3, 0, 0;
1787338781.672860653 0, 0, 0;1, 0, 0;2, 0, 0;3, 0, 0;
1787338783.771023071 0, 0, 0;1, 0, 0;2, 0, 0;3, 0, 0;
1787338785.870010435 0, 0, 0;1, 0, 0;2, 0, 0;3, 0, 0;
1787338787.950958231 0, 0, 0;1, 0, 0;2, 0, 0;3, 0, 0;
1787338790.035516668 0, 0, 0;1, 0, 0;2, 0, 0;3, 0, 0;
1787338792.121393206 0, 0, 0;1, 0, 0;2, 0, 0;3, 0, 0;
1787338794.199471165 0, 0, 0;1, 0, 0;2, 0, 0;3, 0, 0;
1787338796.279244998 0, 0, 0;1, 0, 0;2, 0, 0;3, 0, 0;
1787338798.375153673 0, 0, 0;1, 0, 0;2, 0, 0;3, 0, 0;
1787338800.453563654 0, 0, 0;1, 0, 0;2, 0, 0;3, 0, 0;
1787338802.571469429 0, 0, 0;1, 0, 0;2, 0, 0;3, 0, 0;
1787338804.667188531 0, 0, 0;1, 0, 0;2, 0, 0;3, 0, 0;
1787338806.752606691 0, 0, 0;1, 0, 0;2, 0, 0;3, 0, 0;
1787338808.850815904 0, 0, 0;1, 0, 0;2, 0, 0;3, 0, 0;
1787338810.947434022 0, 0, 0;1, 0, 0;2, 0, 0;3, 0, 0;
1787338813.041806080 0, 0, 0;1, 0, 0;2, 0, 0;3, 0, 0;
1787338815.137305256 0, 0, 0;1, 0, 0;2, 0, 0;3, 0, 0;
1787338817.216892334 0, 0, 0;1, 0, 0;2, 0, 0;3, 0, 0;
1787338819.316259674 0, 0, 0;1, 0, 0;2, 0, 0;3, 0, 0;
1787338821.447260641 0, 0, 0;1, 0, 0;2, 0, 0;3, 0, 0;
1787338823.563885261 0, 0, 0;1, 0, 0;2, 0, 0;3, 0, 0;
