1787351157.029874493 0, 33468, 0;1, 33482, 0;2, 0, 0;3, 0, 0;
1787351159.439831867 0, 33944, 19;1, 34078, 56;2, 0, 0;3, 0, 0;
1787351161.791015068 0, 33966, 25;1, 35526, 27;2, 0, 0;3, 0, 0;
1787351164.251629343 0, 34038, 34;1, 36252, 9;2, 0, 0;3, 0, 0;
1787351167.066184895 0, 34476, 24;1, 36956, 16;2, 0, 0;3, 0, 0;
1787351170.208097309 0, 34540, 15;1, 38126, 45;2, 0, 0;3, 0, 0;
1787351172.927386762 0, 34540, 25;1, 38684, 26;2, 0, 0;3, 0, 0;
1787351175.460317465 0, 34668, 33;1, 39132, 35;2, 0, 0;3, 0, 0;
1787351177.887488523 0, 34732, 32;1, 39272, 61;2, 0, 0;3, 0, 0;
1787351180.412600226 0, 34732, 35;1, 40056, 26;2, 0, 0;3, 0, 0;
1787351182.890949552 0, 34732, 24;1, 40588, 32;2, 0, 0;3, 0, 0;
1787351185.466811135 0, 34732, 25;1, 41036, 18;2, 0, 0;3, 0, 0;
1787351188.273866361 0, 34796, 28;1, 41260, 39;2, 0, 0;3, 0, 0;
1787351190.788884052 0, 35190, 29;1, 41372, 40;2, 0, 0;3, 0, 0;
1787351193.392841386 0, 35190, 35;1, 42156, 24;2, 0, 0;3, 0, 0;
1787351196.075202772 0, 35190, 21;1, 42716, 28;2, 0, 0;3, 0, 0;
1787351198.626968508 0, 35190, 26;1, 42828, 57;2, 0, 0;3, 0, 0;
1787351201.188101527 0, 35190, 25;1, 42828, 55;2, 0, 0;3, 0, 0;
1787351204.007249773 0, 35230, 42;1, 42828, 61;2, 0, 0;3, 0, 0;
1787351206.485917474 0, 35486, 55;1, 42940, 48;2, 0, 0;3, 0, 0;
1787351208.874790898 0, 35486, 30;1, 42940, 24;2, 0, 0;3, 0, 0;
1787351211.313950346 0, 35486, 0;1, 42940, 50;2, 0, 0;3, 0, 0;
1787351213.660954773 0, 35746, 46;1, 42940, 52;2, 0, 0;3, 0, 0;
1787351216.058626986 0, 36386, 43;1, 42996, 21;2, 0, 0;3, 0, 0;
1787351218.566870011 0, 36514, 47;1, 43108, 65;2, 0, 0;3, 0, 0;
1787351221.091623765 0, 37410, 10;1, 43108, 33;2, 0, 0;3, 0, 0;
1787351223.576207031 0, 37794, 54;1, 43108, 26;2, 0, 0;3, 0, 0;
1787351225.985302439 0, 38050, 56;1, 42436, 48;2, 0, 0;3, 0, 0;
1787351228.395552665 0, 38050, 40;1, 41876, 33;2, 0, 0;3, 0, 0;
1787351230.864091420 0, 38584, 41;1, 41716, 43;2, 0, 0;3, 0, 0;
1787351233.318539542 0, 38968, 11;1, 41604, 38;2, 0, 0;3, 0, 0;
1787351235.819638933 0, 40608, 15;1, 41268, 59;2, 0, 0;3, 0, 0;
1787351238.299205760 0, 41250, 11;1, 41156, 25;2, 0, 0;3, 0, 0;
1787351240.841025722 0, 42274, 24;1, 40932, 33;2, 0, 0;3, 0, 0;
1787351243.490309950 0, 42402, 66;1, 40708, 44;2, 0, 0;3, 0, 0;
1787351246.503636411 0, 42402, 14;1, 40260, 64;2, 0, 0;3, 0, 0;
1787351249.338896849 0, 42402, 50;1, 40260, 31;2, 0, 0;3, 0, 0;
1787351251.886493177 0, 42402, 44;1, 39924, 44;2, 0, 0;3, 0, 0;
1787351254.461075453 0, 42402, 24;1, 39924, 50;2, 0, 0;3, 0, 0;
1787351257.168967490 0, 41150, 55;1, 39924, 41;2, 0, 0;3, 0, 0;
1787351259.828441351 0, 41534, 65;1, 39812, 49;2, 0, 0;3, 0, 0;
1787351262.505777151 0, 41534, 49;1, 39812, 41;2, 0, 0;3, 0, 0;
1787351264.964222598 0, 41784, 39;1, 39812, 44;2, 0, 0;3, 0, 0;
1787351267.590885601 0, 41784, 27;1, 39812, 51;2, 0, 0;3, 0, 0;
1787351270.130276620 0, 41928, 42;1, 39812, 30;2, 0, 0;3, 0, 0;
1787351272.707001761 0, 42030, 45;1, 39812, 63;2, 0, 0;3, 0, 0;
1787351275.179977710 0, 42030, 51;1, 39924, 52;2, 0, 0;3, 0, 0;
1787351277.605663360 0, 42030, 46;1, 39924, 41;2, 0, 0;3, 0, 0;
1787351280.154671674 0, 42174, 17;1, 39924, 17;2, 0, 0;3, 0, 0;
1787351282.766608512 0, 42046, 17;1, 39700, 51;2, 0, 0;3, 0, 0;
1787351285.235831270 0, 42046, 42;1, 38692, 36;2, 0, 0;3, 0, 0;
1787351287.863706958 0, 42046, 42;1, 38692, 34;2, 0, 0;3, 0, 0;
1787351290.239287800 0, 42190, 47;1, 39028, 8;2, 0, 0;3, 0, 0;
1787351292.649895814 0, 40502, 19;1, 39028, 37;2, 0, 0;3, 0, 0;
1787351295.090402040 0, 39374, 59;1, 39028, 75;2, 0, 0;3, 0, 0;
1787351297.438589115 0, 39168, 11;1, 39028, 15;2, 0, 0;3, 0, 0;
1787351299.897136937 0, 38400, 19;1, 39252, 43;2, 0, 0;3, 0, 0;
1787351302.221349565 0, 38010, 43;1, 39252, 30;2, 0, 0;3, 0, 0;
1787351304.607364840 0, 38010, 61;1, 39252, 35;2, 0, 0;3, 0, 0;
1787351307.044229896 0, 37626, 14;1, 39252, 29;2, 0, 0;3, 0, 0;
1787351309.384615604 0, 37114, 42;1, 39252, 42;2, 0, 0;3, 0, 0;
1787351311.817878815 0, 36730, 37;1, 37742, 80;2, 0, 0;3, 0, 0;
1787351314.206125593 0, 36730, 42;1, 37406, 39;2, 0, 0;3, 0, 0;
1787351316.547212515 0, 36602, 45;1, 37406, 43;2, 0, 0;3, 0, 0;
1787351318.903815259 0, 36474, 42;1, 37406, 44;2, 0, 0;3, 0, 0;
1787351321.753670529 0, 36474, 35;1, 37294, 38;2, 0, 0;3, 0, 0;
1787351324.752383637 0, 36474, 27;1, 37294, 47;2, 0, 0;3, 0, 0;
1787351327.262305179 0, 36598, 42;1, 37294, 34;2, 0, 0;3, 0, 0;
1787351329.685214521 0, 36598, 37;1, 37294, 34;2, 0, 0;3, 0, 0;
1787351332.139210073 0, 36598, 37;1, 37294, 38;2, 0, 0;3, 0, 0;
1787351334.484024950 0, 36742, 41;1, 37294, 53;2, 0, 0;3, 0, 0;
1787351336.915536549 0, 36742, 32;1, 37182, 23;2, 0, 0;3, 0, 0;
1787351339.253725860 0, 36742, 48;1, 37182, 36;2, 0, 0;3, 0, 0;
1787351341.595311396 0, 36870, 34;1, 37182, 23;2, 0, 0;3, 0, 0;
1787351343.968119373 0, 36870, 47;1, 37182, 31;2, 0, 0;3, 0, 0;
1787351346.344452576 0, 36868, 39;1, 37182, 46;2, 0, 0;3, 0, 0;
1787351348.726365197 0, 41800, 46;1, 37182, 40;2, 0, 0;3, 0, 0;
1787351351.065985744 0, 42778, 54;1, 37182, 34;2, 0, 0;3, 0, 0;
1787351353.491326503 0, 42674, 24;1, 36846, 22;2, 0, 0;3, 0, 0;
1787351355.928542776 0, 42250, 42;1, 35166, 0;2, 0, 0;3, 0, 0;
1787351358.311382666 0, 42362, 58;1, 35166, 0;2, 0, 0;3, 0, 0;
1787351360.732551219 0, 41962, 41;1, 35166, 0;2, 0, 0;3, 0, 0;
1787351363.130416525 0, 42074, 29;1, 35166, 0;2, 0, 0;3, 0, 0;
1787351365.558498180 0, 42298, 14;1, 35166, 0;2, 0, 0;3, 0, 0;
1787351367.996010165 0, 42410, 39;1, 35166, 0;2, 0, 0;3, 0, 0;
1787351370.401001750 0, 42410, 17;1, 35166, 0;2, 0, 0;3, 0, 0;
1787351372.759475853 0, 42522, 29;1, 35166, 0;2, 0, 0;3, 0, 0;
1787351375.123034270 0, 42636, 34;1, 35166, 0;2, 0, 0;3, 0, 0;
1787351377.437369599 0, 42636, 27;1, 35166, 0;2, 0, 0;3, 0, 0;
1787351379.821100811 0, 43276, 26;1, 35166, 6;2, 0, 0;3, 0, 0;
1787351382.274314869 0, 44798, 44;1, 38030, 9;2, 0, 0;3, 0, 0;
1787351384.754926651 0, 45648, 40;1, 38440, 20;2, 0, 0;3, 0, 0;
1787351387.143592277 0, 46744, 20;1, 38440, 20;2, 0, 0;3, 0, 0;
1787351389.763291695 0, 47804, 18;1, 38506, 12;2, 0, 0;3, 0, 0;
1787351392.241403140 0, 49108, 30;1, 38514, 14;2, 0, 0;3, 0, 0;
1787351394.764321281 0, 48844, 0;1, 36082, 30;2, 0, 0;3, 0, 0;
1787351397.164879148 0, 49652, 0;1, 36082, 15;2, 0, 0;3, 0, 0;
1787351400.699314975 0, 50514, 57;1, 36082, 19;2, 0, 0;3, 0, 0;
1787351403.599270113 0, 51788, 87;1, 36284, 97;2, 0, 0;3, 0, 0;
1787351405.937479371 0, 51788, 34;1, 36284, 30;2, 0, 0;3, 0, 0;
1787351408.258136620 0, 51660, 82;1, 36284, 27;2, 0, 0;3, 0, 0;
1787351410.710939474 0, 51532, 58;1, 36284, 17;2, 0, 0;3, 0, 0;
1787351413.101835341 0, 51532, 38;1, 36284, 26;2, 0, 0;3, 0, 0;
1787351415.556982487 0, 51328, 26;1, 36346, 28;2, 0, 0;3, 0, 0;
1787351418.026009799 0, 52548, 25;1, 36396, 26;2, 0, 0;3, 0, 0;
1787351420.522671889 0, 53708, 25;1, 36396, 30;2, 0, 0;3, 0, 0;
1787351422.930955675 0, 54220, 0;1, 36620, 23;2, 0, 0;3, 0, 0;
1787351425.571666000 0, 55458, 39;1, 36620, 19;2, 0, 0;3, 0, 0;
1787351428.124200963 0, 55974, 64;1, 36620, 30;2, 0, 0;3, 0, 0;
1787351430.691739470 0, 51818, 53;1, 36620, 19;2, 0, 0;3, 0, 0;
1787351433.237252232 0, 51818, 22;1, 40460, 21;2, 0, 0;3, 0, 0;
1787351435.749106843 0, 52356, 85;1, 56508, 67;2, 0, 0;3, 0, 0;
1787351438.061770172 0, 51818, 44;1, 57824, 43;2, 0, 0;3, 0, 0;
1787351440.654629559 0, 51306, 0;1, 58082, 40;2, 0, 0;3, 0, 0;
1787351443.235785142 0, 51306, 43;1, 58420, 50;2, 0, 0;3, 0, 0;
1787351445.767254327 0, 51178, 1;1, 58686, 30;2, 0, 0;3, 0, 0;
1787351448.364209294 0, 50724, 23;1, 59250, 89;2, 0, 0;3, 0, 0;
1787351451.004083822 0, 49642, 42;1, 59844, 23;2, 0, 0;3, 0, 0;
1787351453.525590863 0, 48626, 0;1, 59860, 30;2, 0, 0;3, 0, 0;
1787351455.986565139 0, 47722, 0;1, 60084, 52;2, 0, 0;3, 0, 0;
1787351458.500857835 0, 47082, 23;1, 60148, 44;2, 0, 0;3, 0, 0;
1787351460.933998753 0, 46000, 0;1, 60260, 53;2, 0, 0;3, 0, 0;
1787351463.439409835 0, 43726, 0;1, 60604, 80;2, 0, 0;3, 0, 0;
1787351466.817801837 0, 43626, 30;1, 60950, 30;2, 0, 0;3, 0, 0;
1787351470.728753148 0, 39914, 20;1, 63100, 36;2, 0, 0;3, 0, 0;
1787351473.663924554 0, 39914, 31;1, 63324, 42;2, 0, 0;3, 0, 0;
1787351476.950401283 0, 39402, 21;1, 64284, 28;2, 0, 0;3, 0, 0;
1787351480.370306165 0, 38890, 22;1, 65098, 47;2, 0, 0;3, 0, 0;
1787351483.253857113 0, 38762, 13;1, 65592, 40;2, 0, 0;3, 0, 0;
1787351485.848961346 0, 38506, 23;1, 66844, 40;2, 0, 0;3, 0, 0;
1787351488.439889259 0, 38344, 21;1, 67238, 34;2, 0, 0;3, 0, 0;
1787351490.944946918 0, 37354, 0;1, 67574, 37;2, 0, 0;3, 0, 0;
1787351493.449696509 0, 37354, 0;1, 67946, 36;2, 0, 0;3, 0, 0;
1787351496.047312453 0, 37354, 0;1, 68468, 40;2, 0, 0;3, 0, 0;
1787351498.741156182 0, 37354, 0;1, 67712, 26;2, 0, 0;3, 0, 0;
1787351501.464140572 0, 37354, 0;1, 65588, 24;2, 0, 0;3, 0, 0;
1787351504.056622329 0, 37354, 0;1, 66134, 31;2, 0, 0;3, 0, 0;
1787351506.827173427 0, 37354, 0;1, 66918, 27;2, 0, 0;3, 0, 0;
1787351509.472802204 0, 37354, 0;1, 67478, 54;2, 0, 0;3, 0, 0;
1787351512.119133029 0, 37354, 0;1, 67854, 33;2, 0, 0;3, 0, 0;
1787351514.823282240 0, 37354, 0;1, 68454, 23;2, 0, 0;3, 0, 0;
1787351517.550191273 0, 37354, 0;1, 69274, 53;2, 0, 0;3, 0, 0;
1787351520.174347267 0, 37354, 0;1, 69280, 41;2, 0, 0;3, 0, 0;
1787351522.789281159 0, 37354, 0;1, 69280, 60;2, 0, 0;3, 0, 0;
1787351525.434498198 0, 37300, 0;1, 69206, 35;2, 0, 0;3, 0, 0;
1787351527.963492553 0, 34140, 0;1, 66880, 77;2, 0, 0;3, 0, 0;
1787351530.436009937 0, 34140, 0;1, 66880, 90;2, 0, 0;3, 0, 0;
1787351532.728218152 0, 34140, 0;1, 66816, 67;2, 0, 0;3, 0, 0;
1787351535.287856460 0, 34140, 0;1, 66672, 39;2, 0, 0;3, 0, 0;
1787351537.752928153 0, 34140, 0;1, 66672, 46;2, 0, 0;3, 0, 0;
1787351540.428261694 0, 34140, 0;1, 66672, 85;2, 0, 0;3, 0, 0;
1787351542.987257157 0, 34140, 0;1, 66672, 36;2, 0, 0;3, 0, 0;
1787351545.593777733 0, 34140, 0;1, 66672, 68;2, 0, 0;3, 0, 0;
1787351548.241652096 0, 34140, 0;1, 66672, 58;2, 0, 0;3, 0, 0;
1787351550.702751536 0, 34140, 0;1, 66784, 78;2, 0, 0;3, 0, 0;
1787351553.203996174 0, 34140, 0;1, 66896, 10;2, 0, 0;3, 0, 0;
1787351556.711459710 0, 34140, 0;1, 66896, 45;2, 0, 0;3, 0, 0;
1787351559.100003902 0, 34140, 0;1, 67008, 25;2, 0, 0;3, 0, 0;
1787351561.739918503 0, 37668, 0;1, 67232, 41;2, 0, 0;3, 0, 0;
1787351564.247494981 0, 54540, 81;1, 68078, 98;2, 0, 0;3, 0, 0;
1787351566.573687052 0, 57882, 9;1, 67568, 47;2, 0, 0;3, 0, 0;
1787351569.294986581 0, 58596, 5;1, 67570, 52;2, 0, 0;3, 0, 0;
1787351572.039355196 0, 58596, 38;1, 67570, 31;2, 0, 0;3, 0, 0;
1787351574.821282077 0, 58596, 32;1, 67572, 44;2, 0, 0;3, 0, 0;
1787351577.589806629 0, 58708, 33;1, 67572, 38;2, 0, 0;3, 0, 0;
1787351580.303060463 0, 58820, 24;1, 67572, 39;2, 0, 0;3, 0, 0;
1787351582.946055354 0, 58820, 23;1, 67572, 54;2, 0, 0;3, 0, 0;
1787351585.687068615 0, 58820, 34;1, 67572, 29;2, 0, 0;3, 0, 0;
1787351588.434555290 0, 58820, 33;1, 67572, 34;2, 0, 0;3, 0, 0;
1787351591.210185273 0, 58564, 37;1, 67572, 24;2, 0, 0;3, 0, 0;
1787351593.865015008 0, 58564, 18;1, 67572, 31;2, 0, 0;3, 0, 0;
1787351596.415560717 0, 57540, 0;1, 67220, 12;2, 0, 0;3, 0, 0;
1787351599.141036966 0, 57540, 0;1, 67084, 0;2, 0, 0;3, 0, 0;
1787351601.804683873 0, 57540, 0;1, 65092, 11;2, 0, 0;3, 0, 0;
1787351604.387711479 0, 57540, 0;1, 62852, 13;2, 0, 0;3, 0, 0;
