1787147430.285190901 0, 35860, 4;1, 35878, 1;2, 0, 0;3, 0, 0;
1787147433.102053211 0, 35926, 29;1, 35930, 13;2, 0, 0;3, 0, 0;
1787147435.681791039 0, 36192, 68;1, 35996, 69;2, 0, 0;3, 0, 0;
1787147438.143871866 0, 36486, 70;1, 36042, 60;2, 0, 0;3, 0, 0;
1787147440.546250685 0, 37032, 63;1, 36308, 49;2, 0, 0;3, 0, 0;
1787147443.014888958 0, 37292, 59;1, 36532, 31;2, 0, 0;3, 0, 0;
1787147445.499792965 0, 37436, 74;1, 36532, 72;2, 0, 0;3, 0, 0;
1787147447.962016424 0, 37438, 37;1, 37138, 35;2, 0, 0;3, 0, 0;
1787147450.495580915 0, 37574, 63;1, 37386, 63;2, 0, 0;3, 0, 0;
1787147452.976010028 0, 37694, 71;1, 37750, 67;2, 0, 0;3, 0, 0;
1787147455.423637888 0, 37694, 75;1, 37750, 81;2, 0, 0;3, 0, 0;
1787147458.155196288 0, 37694, 63;1, 37912, 13;2, 0, 0;3, 0, 0;
1787147461.336920194 0, 37694, 79;1, 38110, 51;2, 0, 0;3, 0, 0;
1787147463.680563630 0, 37694, 61;1, 38334, 42;2, 0, 0;3, 0, 0;
1787147466.007578709 0, 37820, 82;1, 38334, 39;2, 0, 0;3, 0, 0;
1787147468.516370965 0, 37820, 48;1, 38656, 59;2, 0, 0;3, 0, 0;
1787147470.983739523 0, 37940, 69;1, 38656, 60;2, 0, 0;3, 0, 0;
1787147473.483340950 0, 38416, 63;1, 38656, 66;2, 0, 0;3, 0, 0;
1787147475.934749299 0, 38560, 74;1, 38656, 41;2, 0, 0;3, 0, 0;
1787147478.406855599 0, 38680, 41;1, 38656, 78;2, 0, 0;3, 0, 0;
1787147480.913922152 0, 38688, 76;1, 38656, 76;2, 0, 0;3, 0, 0;
1787147483.393651350 0, 38688, 56;1, 38656, 45;2, 0, 0;3, 0, 0;
1787147485.865994384 0, 38762, 47;1, 38656, 48;2, 0, 0;3, 0, 0;
1787147488.304507773 0, 38878, 66;1, 38656, 58;2, 0, 0;3, 0, 0;
1787147490.771999225 0, 39018, 41;1, 38656, 56;2, 0, 0;3, 0, 0;
1787147493.203983640 0, 39018, 43;1, 38656, 68;2, 0, 0;3, 0, 0;
1787147495.694458545 0, 39018, 54;1, 38656, 85;2, 0, 0;3, 0, 0;
1787147498.126871477 0, 39018, 61;1, 38656, 70;2, 0, 0;3, 0, 0;
1787147500.610602577 0, 39018, 58;1, 38656, 70;2, 0, 0;3, 0, 0;
1787147503.037459856 0, 39018, 60;1, 38656, 61;2, 0, 0;3, 0, 0;
1787147505.509728525 0, 39018, 77;1, 38656, 45;2, 0, 0;3, 0, 0;
1787147507.997081216 0, 39018, 57;1, 38856, 60;2, 0, 0;3, 0, 0;
1787147510.469430802 0, 39018, 71;1, 38856, 74;2, 0, 0;3, 0, 0;
1787147512.925654680 0, 39018, 67;1, 38856, 42;2, 0, 0;3, 0, 0;
1787147515.431361744 0, 39018, 65;1, 38856, 59;2, 0, 0;3, 0, 0;
1787147517.872046604 0, 39018, 68;1, 38856, 72;2, 0, 0;3, 0, 0;
1787147520.185532222 0, 39018, 71;1, 38856, 50;2, 0, 0;3, 0, 0;
1787147522.504850407 0, 38902, 32;1, 38856, 68;2, 0, 0;3, 0, 0;
1787147525.021882053 0, 38890, 75;1, 38856, 80;2, 0, 0;3, 0, 0;
1787147527.554265630 0, 38890, 73;1, 38856, 61;2, 0, 0;3, 0, 0;
1787147529.989008832 0, 38762, 61;1, 38856, 71;2, 0, 0;3, 0, 0;
1787147532.341901373 0, 38762, 72;1, 38856, 50;2, 0, 0;3, 0, 0;
1787147534.824262267 0, 38762, 56;1, 38856, 53;2, 0, 0;3, 0, 0;
1787147537.763138066 0, 38762, 67;1, 38856, 36;2, 0, 0;3, 0, 0;
1787147540.365009813 0, 38762, 71;1, 38856, 64;2, 0, 0;3, 0, 0;
1787147542.881771815 0, 38874, 75;1, 38856, 52;2, 0, 0;3, 0, 0;
1787147545.317182967 0, 38874, 52;1, 38856, 52;2, 0, 0;3, 0, 0;
1787147547.815904637 0, 39002, 69;1, 38856, 83;2, 0, 0;3, 0, 0;
1787147550.307151734 0, 39002, 60;1, 38856, 58;2, 0, 0;3, 0, 0;
1787147552.780818331 0, 39130, 52;1, 38968, 53;2, 0, 0;3, 0, 0;
1787147555.058316699 0, 39258, 41;1, 38968, 57;2, 0, 0;3, 0, 0;
1787147557.630423487 0, 39258, 88;1, 38968, 43;2, 0, 0;3, 0, 0;
1787147560.096008617 0, 39258, 61;1, 38968, 71;2, 0, 0;3, 0, 0;
1787147562.427624355 0, 39258, 79;1, 38968, 84;2, 0, 0;3, 0, 0;
1787147564.783287500 0, 39258, 55;1, 38968, 50;2, 0, 0;3, 0, 0;
1787147567.259482071 0, 39258, 70;1, 38968, 71;2, 0, 0;3, 0, 0;
1787147569.743601713 0, 39258, 48;1, 38968, 67;2, 0, 0;3, 0, 0;
1787147572.014717311 0, 39258, 64;1, 38968, 43;2, 0, 0;3, 0, 0;
1787147574.544520101 0, 39258, 75;1, 38968, 48;2, 0, 0;3, 0, 0;
1787147577.014109786 0, 39336, 74;1, 38968, 68;2, 0, 0;3, 0, 0;
1787147579.451202338 0, 39336, 66;1, 38968, 63;2, 0, 0;3, 0, 0;
1787147581.834101675 0, 39336, 55;1, 38968, 65;2, 0, 0;3, 0, 0;
1787147584.123239083 0, 39336, 48;1, 38968, 49;2, 0, 0;3, 0, 0;
1787147586.576948057 0, 39336, 57;1, 38858, 64;2, 0, 0;3, 0, 0;
1787147589.038728902 0, 39218, 42;1, 38858, 68;2, 0, 0;3, 0, 0;
1787147591.475129925 0, 39080, 46;1, 38858, 83;2, 0, 0;3, 0, 0;
1787147593.950224208 0, 39080, 68;1, 38858, 54;2, 0, 0;3, 0, 0;
1787147596.464999440 0, 39080, 67;1, 38858, 40;2, 0, 0;3, 0, 0;
1787147598.940323160 0, 39080, 60;1, 38858, 50;2, 0, 0;3, 0, 0;
1787147601.377314288 0, 38952, 32;1, 38858, 44;2, 0, 0;3, 0, 0;
1787147603.785950061 0, 38952, 50;1, 38858, 73;2, 0, 0;3, 0, 0;
1787147606.235723956 0, 38952, 42;1, 38858, 44;2, 0, 0;3, 0, 0;
1787147608.721559616 0, 38952, 66;1, 38858, 74;2, 0, 0;3, 0, 0;
1787147611.208237285 0, 38952, 56;1, 38858, 43;2, 0, 0;3, 0, 0;
1787147614.234533440 0, 38952, 77;1, 38858, 44;2, 0, 0;3, 0, 0;
1787147616.830725226 0, 38952, 70;1, 38858, 68;2, 0, 0;3, 0, 0;
1787147619.209267903 0, 38952, 74;1, 38858, 65;2, 0, 0;3, 0, 0;
1787147621.680221972 0, 38824, 44;1, 38858, 63;2, 0, 0;3, 0, 0;
1787147624.022453230 0, 38824, 64;1, 38858, 73;2, 0, 0;3, 0, 0;
1787147626.535274401 0, 38824, 41;1, 38634, 69;2, 0, 0;3, 0, 0;
1787147629.013355966 0, 38824, 83;1, 38634, 54;2, 0, 0;3, 0, 0;
1787147631.544612932 0, 38824, 65;1, 38634, 71;2, 0, 0;3, 0, 0;
1787147633.810811677 0, 38824, 60;1, 38634, 48;2, 0, 0;3, 0, 0;
1787147636.087008096 0, 38824, 74;1, 38634, 60;2, 0, 0;3, 0, 0;
1787147638.410937948 0, 38824, 66;1, 38634, 68;2, 0, 0;3, 0, 0;
1787147640.846803641 0, 38824, 57;1, 38634, 100;2, 0, 0;3, 0, 0;
1787147643.302831934 0, 38916, 54;1, 38634, 70;2, 0, 0;3, 0, 0;
1787147645.535949452 0, 38916, 55;1, 38634, 53;2, 0, 0;3, 0, 0;
1787147647.853773459 0, 39034, 84;1, 38634, 48;2, 0, 0;3, 0, 0;
1787147650.217244105 0, 39034, 40;1, 38634, 53;2, 0, 0;3, 0, 0;
1787147652.553525998 0, 39034, 75;1, 38634, 38;2, 0, 0;3, 0, 0;
1787147655.019364080 0, 39034, 68;1, 38634, 73;2, 0, 0;3, 0, 0;
1787147657.500282743 0, 39034, 47;1, 38634, 65;2, 0, 0;3, 0, 0;
1787147659.970991390 0, 39034, 71;1, 38634, 62;2, 0, 0;3, 0, 0;
1787147662.486437273 0, 39034, 66;1, 38634, 73;2, 0, 0;3, 0, 0;
1787147664.969655046 0, 39034, 66;1, 38634, 50;2, 0, 0;3, 0, 0;
1787147667.436756863 0, 39034, 70;1, 38634, 89;2, 0, 0;3, 0, 0;
1787147669.862982025 0, 39034, 67;1, 38634, 59;2, 0, 0;3, 0, 0;
1787147672.345472853 0, 39034, 55;1, 38634, 63;2, 0, 0;3, 0, 0;
1787147674.852944678 0, 39162, 63;1, 38634, 47;2, 0, 0;3, 0, 0;
1787147677.312108187 0, 39572, 65;1, 38634, 74;2, 0, 0;3, 0, 0;
1787147679.774494669 0, 39700, 75;1, 38634, 66;2, 0, 0;3, 0, 0;
1787147682.106649381 0, 39700, 63;1, 38634, 57;2, 0, 0;3, 0, 0;
1787147684.419539672 0, 39700, 58;1, 38634, 73;2, 0, 0;3, 0, 0;
1787147686.872876087 0, 39700, 63;1, 38708, 48;2, 0, 0;3, 0, 0;
1787147689.374205194 0, 39700, 36;1, 38708, 74;2, 0, 0;3, 0, 0;
1787147692.380309674 0, 39700, 59;1, 38708, 63;2, 0, 0;3, 0, 0;
1787147695.009593645 0, 39700, 57;1, 38708, 57;2, 0, 0;3, 0, 0;
1787147697.425111836 0, 39700, 38;1, 38708, 59;2, 0, 0;3, 0, 0;
1787147699.781819747 0, 39700, 62;1, 38708, 61;2, 0, 0;3, 0, 0;
1787147702.260218112 0, 39700, 78;1, 38708, 47;2, 0, 0;3, 0, 0;
1787147704.746337628 0, 39700, 67;1, 38708, 75;2, 0, 0;3, 0, 0;
1787147707.189913278 0, 39700, 47;1, 38708, 81;2, 0, 0;3, 0, 0;
1787147709.628176628 0, 39700, 79;1, 38708, 67;2, 0, 0;3, 0, 0;
1787147712.013633657 0, 39700, 67;1, 38708, 76;2, 0, 0;3, 0, 0;
1787147714.444954434 0, 39316, 75;1, 38708, 79;2, 0, 0;3, 0, 0;
1787147716.863387361 0, 39316, 62;1, 38708, 66;2, 0, 0;3, 0, 0;
1787147719.280285373 0, 39188, 32;1, 38708, 39;2, 0, 0;3, 0, 0;
1787147721.749937626 0, 39188, 59;1, 38708, 64;2, 0, 0;3, 0, 0;
1787147724.179140465 0, 39346, 75;1, 38708, 51;2, 0, 0;3, 0, 0;
1787147726.651177839 0, 39346, 70;1, 38708, 42;2, 0, 0;3, 0, 0;
1787147729.026192473 0, 39346, 59;1, 38708, 79;2, 0, 0;3, 0, 0;
1787147731.546097697 0, 39346, 72;1, 38708, 50;2, 0, 0;3, 0, 0;
1787147734.046221210 0, 39346, 71;1, 38708, 80;2, 0, 0;3, 0, 0;
1787147736.536465737 0, 39346, 56;1, 38708, 90;2, 0, 0;3, 0, 0;
1787147738.950920847 0, 39348, 64;1, 38708, 86;2, 0, 0;3, 0, 0;
1787147741.346135506 0, 39348, 67;1, 38708, 56;2, 0, 0;3, 0, 0;
1787147743.808650277 0, 39348, 38;1, 38708, 58;2, 0, 0;3, 0, 0;
1787147746.213311269 0, 39348, 56;1, 38708, 60;2, 0, 0;3, 0, 0;
1787147748.704732671 0, 39348, 70;1, 38708, 66;2, 0, 0;3, 0, 0;
1787147751.242290853 0, 39348, 58;1, 38708, 66;2, 0, 0;3, 0, 0;
1787147753.691215468 0, 40206, 29;1, 38820, 37;2, 0, 0;3, 0, 0;
1787147756.166213612 0, 40276, 81;1, 38820, 66;2, 0, 0;3, 0, 0;
1787147758.638545561 0, 40276, 44;1, 38932, 31;2, 0, 0;3, 0, 0;
1787147761.148359686 0, 40276, 61;1, 38932, 48;2, 0, 0;3, 0, 0;
1787147763.462014832 0, 40276, 70;1, 38932, 62;2, 0, 0;3, 0, 0;
1787147765.781203695 0, 40276, 71;1, 38932, 50;2, 0, 0;3, 0, 0;
1787147768.556003508 0, 40276, 42;1, 38932, 16;2, 0, 0;3, 0, 0;
1787147771.606774900 0, 40276, 99;1, 38932, 58;2, 0, 0;3, 0, 0;
1787147773.916821665 0, 39764, 56;1, 38932, 50;2, 0, 0;3, 0, 0;
1787147776.235934144 0, 39764, 68;1, 38932, 61;2, 0, 0;3, 0, 0;
1787147778.551034215 0, 39764, 60;1, 38932, 61;2, 0, 0;3, 0, 0;
1787147781.052634808 0, 39764, 81;1, 38932, 55;2, 0, 0;3, 0, 0;
1787147783.588258792 0, 39764, 64;1, 38932, 38;2, 0, 0;3, 0, 0;
1787147785.951959874 0, 39764, 69;1, 38932, 86;2, 0, 0;3, 0, 0;
1787147788.286400891 0, 39764, 74;1, 38932, 76;2, 0, 0;3, 0, 0;
1787147790.613284655 0, 39764, 74;1, 38932, 54;2, 0, 0;3, 0, 0;
1787147792.887411469 0, 39764, 67;1, 38932, 72;2, 0, 0;3, 0, 0;
1787147795.204195356 0, 39764, 53;1, 38932, 40;2, 0, 0;3, 0, 0;
1787147797.530389966 0, 39764, 55;1, 38932, 49;2, 0, 0;3, 0, 0;
1787147799.819921311 0, 39764, 59;1, 38932, 77;2, 0, 0;3, 0, 0;
1787147802.274954024 0, 39764, 64;1, 38932, 78;2, 0, 0;3, 0, 0;
1787147804.792236261 0, 39764, 63;1, 38932, 49;2, 0, 0;3, 0, 0;
1787147807.287930954 0, 39764, 69;1, 38932, 88;2, 0, 0;3, 0, 0;
1787147809.573346258 0, 39764, 41;1, 38932, 54;2, 0, 0;3, 0, 0;
1787147812.065523943 0, 39764, 79;1, 38932, 62;2, 0, 0;3, 0, 0;
1787147814.353448580 0, 39764, 65;1, 38932, 59;2, 0, 0;3, 0, 0;
1787147816.793271184 0, 39380, 65;1, 38932, 57;2, 0, 0;3, 0, 0;
1787147819.117806094 0, 39380, 74;1, 38932, 59;2, 0, 0;3, 0, 0;
1787147821.499394978 0, 39380, 51;1, 38932, 67;2, 0, 0;3, 0, 0;
1787147823.989878637 0, 39380, 65;1, 38932, 72;2, 0, 0;3, 0, 0;
1787147826.491057850 0, 39380, 66;1, 38932, 93;2, 0, 0;3, 0, 0;
1787147828.969847388 0, 39380, 61;1, 39042, 47;2, 0, 0;3, 0, 0;
1787147831.446534393 0, 39380, 81;1, 39268, 82;2, 0, 0;3, 0, 0;
1787147833.837771117 0, 39380, 57;1, 39268, 67;2, 0, 0;3, 0, 0;
1787147836.330341124 0, 39380, 69;1, 39268, 93;2, 0, 0;3, 0, 0;
1787147838.819729744 0, 39380, 62;1, 39268, 74;2, 0, 0;3, 0, 0;
1787147841.346117309 0, 39380, 71;1, 39268, 72;2, 0, 0;3, 0, 0;
1787147843.818335372 0, 39380, 59;1, 39268, 42;2, 0, 0;3, 0, 0;
1787147846.839937751 0, 39380, 53;1, 39268, 59;2, 0, 0;3, 0, 0;
1787147849.697056641 0, 39380, 85;1, 39268, 50;2, 0, 0;3, 0, 0;
1787147852.224799754 0, 39636, 41;1, 39268, 65;2, 0, 0;3, 0, 0;
1787147854.714782059 0, 39636, 54;1, 39268, 79;2, 0, 0;3, 0, 0;
1787147857.216775921 0, 39636, 53;1, 39268, 38;2, 0, 0;3, 0, 0;
1787147859.740316505 0, 39636, 65;1, 38932, 58;2, 0, 0;3, 0, 0;
1787147862.227133923 0, 39636, 71;1, 38708, 49;2, 0, 0;3, 0, 0;
1787147864.626449298 0, 39312, 1;1, 38708, 37;2, 0, 0;3, 0, 0;
