1787385678.557180499 0, 33896, 0;1, 33918, 4;
1787385681.333972201 0, 33922, 0;1, 34144, 0;
1787385683.815568699 0, 33944, 0;1, 35114, 18;
1787385686.435445420 0, 34180, 6;1, 35634, 26;
1787385688.961596184 0, 34292, 0;1, 35796, 39;
1787385691.326535323 0, 34308, 33;1, 36244, 51;
1787385694.188353118 0, 34564, 67;1, 36880, 81;
1787385696.512005192 0, 34564, 92;1, 37420, 100;
1787385698.690117997 0, 34652, 61;1, 37684, 91;
1787385700.967026975 0, 35286, 8;1, 37764, 0;
1787385703.535400729 0, 35286, 6;1, 38352, 11;
1787385706.025361817 0, 35286, 6;1, 38704, 3;
1787385708.519534461 0, 35286, 0;1, 38994, 0;
1787385711.347542252 0, 35286, 0;1, 39930, 0;
1787385713.940576055 0, 35286, 9;1, 40894, 0;
1787385716.490575509 0, 49910, 100;1, 40994, 14;
1787385719.153491668 0, 50988, 0;1, 41774, 4;
1787385721.892349242 0, 52224, 0;1, 40368, 0;
1787385724.579156961 0, 53696, 74;1, 40545, 89;
1787385726.848978107 0, 54714, 0;1, 40545, 0;
1787385729.522593748 0, 56696, 0;1, 40545, 0;
1787385732.202142749 0, 59020, 14;1, 40545, 7;
1787385735.166309604 0, 59970, 9;1, 40469, 0;
1787385737.657073980 0, 60856, 13;1, 38081, 0;
1787385740.240800383 0, 62148, 0;1, 37745, 11;
1787385742.937390227 0, 63364, 9;1, 37633, 0;
1787385745.659673776 0, 64566, 6;1, 37631, 20;
1787385748.442775891 0, 66624, 0;1, 45261, 0;
1787385751.195509434 0, 69072, 0;1, 45233, 0;
1787385753.947699372 0, 67832, 0;1, 45233, 0;
1787385756.769025576 0, 68369, 28;1, 45233, 9;
1787385759.351868256 0, 70575, 0;1, 45401, 0;
1787385761.998455918 0, 72429, 0;1, 45799, 0;
1787385764.860420080 0, 73821, 0;1, 46163, 0;
1787385767.760381416 0, 75099, 2;1, 48367, 2;
1787385771.166494923 0, 75413, 3;1, 48943, 60;
1787385773.558107701 0, 74913, 6;1, 49395, 7;
1787385776.627517941 0, 58865, 100;1, 53095, 90;
1787385778.869110930 0, 59429, 0;1, 53605, 21;
1787385781.665467448 0, 57448, 0;1, 53605, 0;
1787385784.790985353 0, 57718, 8;1, 53701, 33;
1787385787.189050154 0, 57718, 0;1, 53833, 0;
1787385790.134302926 0, 57496, 0;1, 53905, 0;
1787385792.999222293 0, 57334, 0;1, 54029, 0;
1787385795.863095732 0, 57334, 0;1, 54851, 19;
1787385798.728518284 0, 72010, 0;1, 57887, 9;
1787385801.559645333 0, 73350, 17;1, 59559, 32;
1787385804.315412650 0, 73366, 3;1, 61503, 22;
1787385807.156172670 0, 73462, 0;1, 62367, 0;
1787385809.881570809 0, 73708, 0;1, 64169, 0;
1787385812.677828313 0, 73708, 0;1, 65831, 4;
1787385815.593468763 0, 73708, 0;1, 67779, 0;
1787385818.404667422 0, 73930, 0;1, 68933, 0;
1787385821.389881616 0, 73930, 14;1, 69893, 0;
1787385824.125570755 0, 74040, 0;1, 72903, 0;
1787385827.013380528 0, 74040, 0;1, 74613, 0;
1787385829.805993738 0, 81152, 0;1, 74389, 11;
1787385832.801457438 0, 79513, 85;1, 73748, 14;
1787385835.750132983 0, 79513, 54;1, 73188, 25;
1787385838.658829661 0, 79513, 82;1, 72740, 0;
1787385841.527061377 0, 79385, 53;1, 72292, 7;
1787385844.428340925 0, 79257, 0;1, 72292, 20;
1787385847.280767053 0, 79257, 87;1, 72404, 34;
1787385849.698927589 0, 79001, 0;1, 73300, 0;
1787385852.346994484 0, 79001, 78;1, 74196, 40;
1787385854.879250803 0, 79001, 15;1, 74084, 0;
1787385857.069116238 0, 79001, 17;1, 74084, 0;
1787385859.649702200 0, 79001, 7;1, 73872, 0;
1787385862.446111413 0, 78891, 0;1, 73748, 0;
1787385865.320730108 0, 77977, 64;1, 73748, 0;
1787385868.357188000 0, 77209, 100;1, 73524, 65;
1787385871.443174687 0, 76901, 100;1, 73524, 97;
1787385873.811777147 0, 77013, 77;1, 73326, 8;
1787385875.983303749 0, 77013, 9;1, 72068, 68;
1787385878.627567211 0, 76877, 0;1, 71732, 0;
1787385881.279788061 0, 77039, 0;1, 70018, 0;
1787385884.257815796 0, 77061, 33;1, 65908, 4;
1787385887.357343854 0, 76781, 94;1, 64340, 98;
1787385889.545432392 0, 76943, 0;1, 62454, 0;
1787385892.334594301 0, 74977, 100;1, 62212, 2;
1787385895.333000400 0, 75519, 0;1, 59300, 5;
1787385898.906560051 0, 74411, 1;1, 57718, 0;
1787385901.923994705 0, 72247, 17;1, 56337, 6;
1787385905.427163759 0, 62738, 0;1, 54579, 0;
1787385909.875214418 0, 31639, 100;1, 54579, 0;
1787385912.850793180 0, 27125, 0;1, 6, 100;
1787385915.699570142 0, 22791, 0;1, 6, 0;
1787385917.795315728 0, 22791, 0;1, 6, 0;
1787385919.878312347 0, 22791, 0;1, 6, 0;
1787385921.936762132 0, 22791, 0;1, 6, 0;
1787385924.003882384 0, 0, 100;1, 0, 0;
1787385926.061075481 0, 0, 0;1, 0, 0;
1787385928.121251567 0, 0, 0;1, 0, 0;
1787385930.182290488 0, 0, 0;1, 0, 0;
1787385932.255565544 0, 0, 0;1, 0, 0;
1787385934.312101420 0, 0, 0;1, 0, 0;
1787385936.371845538 0, 0, 0;1, 0, 0;
1787385938.445842878 0, 0, 0;1, 0, 0;
1787385940.524388031 0, 0, 0;1, 0, 0;
1787385942.604137000 0, 0, 0;1, 0, 0;
1787385945.103248778 0, 0, 0;1, 0, 0;
1787385947.175092354 0, 0, 0;1, 0, 0;
1787385949.230834906 0, 0, 0;1, 0, 0;
1787385951.271544263 0, 0, 0;1, 0, 0;
1787385953.327746781 0, 0, 0;1, 0, 0;
1787385955.400949644 0, 0, 0;1, 0, 0;
1787385957.459775796 0, 0, 0;1, 0, 0;
1787385959.514317830 0, 0, 0;1, 0, 0;
1787385961.610269646 0, 0, 0;1, 0, 0;
1787385963.686960891 0, 0, 0;1, 0, 0;
1787385965.743973494 0, 0, 0;1, 0, 0;
1787385967.799955856 0, 0, 0;1, 0, 0;
1787385969.864526162 0, 0, 0;1, 0, 0;
1787385972.363463869 0, 0, 0;1, 0, 0;
1787385974.516829296 0, 0, 0;1, 0, 0;
1787385976.577230118 0, 0, 0;1, 0, 0;
1787385978.636774919 0, 0, 0;1, 0, 0;
