1787169167.072676811 0, 35602, 1;1, 35684, 0;2, 0, 0;3, 0, 0;
1787169169.451974448 0, 35768, 0;1, 35806, 0;2, 0, 0;3, 0, 0;
1787169171.688261844 0, 36108, 37;1, 36144, 68;2, 0, 0;3, 0, 0;
1787169173.942764223 0, 36110, 61;1, 36758, 100;2, 0, 0;3, 0, 0;
1787169176.186192251 0, 36260, 52;1, 36882, 67;2, 0, 0;3, 0, 0;
1787169178.431266992 0, 36352, 100;1, 36882, 99;2, 0, 0;3, 0, 0;
1787169180.741202796 0, 36798, 55;1, 37106, 99;2, 0, 0;3, 0, 0;
1787169183.005557453 0, 36832, 100;1, 37106, 99;2, 0, 0;3, 0, 0;
1787169185.277178183 0, 37088, 65;1, 37106, 100;2, 0, 0;3, 0, 0;
1787169187.528348064 0, 37088, 44;1, 37106, 68;2, 0, 0;3, 0, 0;
1787169189.836333363 0, 37124, 58;1, 37106, 57;2, 0, 0;3, 0, 0;
1787169192.107686541 0, 37124, 62;1, 37366, 94;2, 0, 0;3, 0, 0;
1787169194.404276167 0, 37270, 100;1, 37366, 99;2, 0, 0;3, 0, 0;
1787169196.646587590 0, 37270, 100;1, 37366, 99;2, 0, 0;3, 0, 0;
1787169198.886394858 0, 37270, 43;1, 37366, 99;2, 0, 0;3, 0, 0;
1787169201.145250351 0, 37270, 98;1, 37478, 99;2, 0, 0;3, 0, 0;
1787169203.460214551 0, 37414, 100;1, 37982, 57;2, 0, 0;3, 0, 0;
1787169205.781812203 0, 37414, 98;1, 37982, 80;2, 0, 0;3, 0, 0;
1787169208.101804572 0, 37414, 64;1, 38434, 67;2, 0, 0;3, 0, 0;
1787169210.385767341 0, 37414, 52;1, 38434, 50;2, 0, 0;3, 0, 0;
1787169212.658911721 0, 37462, 53;1, 38434, 58;2, 0, 0;3, 0, 0;
1787169215.098199664 0, 37732, 55;1, 38434, 25;2, 0, 0;3, 0, 0;
1787169217.885227449 0, 38200, 100;1, 38434, 99;2, 0, 0;3, 0, 0;
1787169220.199383314 0, 38328, 77;1, 38516, 62;2, 0, 0;3, 0, 0;
1787169222.516663306 0, 38330, 47;1, 38628, 64;2, 0, 0;3, 0, 0;
1787169224.829873989 0, 38330, 100;1, 38740, 81;2, 0, 0;3, 0, 0;
1787169227.111710442 0, 38330, 100;1, 38740, 100;2, 0, 0;3, 0, 0;
1787169229.434520293 0, 38330, 71;1, 38740, 64;2, 0, 0;3, 0, 0;
1787169231.700211224 0, 38330, 91;1, 38740, 99;2, 0, 0;3, 0, 0;
1787169233.948582833 0, 38330, 100;1, 38740, 99;2, 0, 0;3, 0, 0;
1787169236.269765510 0, 38330, 100;1, 38740, 99;2, 0, 0;3, 0, 0;
1787169238.545952091 0, 38330, 29;1, 38740, 80;2, 0, 0;3, 0, 0;
1787169240.814320346 0, 38330, 66;1, 38740, 71;2, 0, 0;3, 0, 0;
1787169243.078230783 0, 38330, 61;1, 38628, 56;2, 0, 0;3, 0, 0;
1787169245.321734131 0, 38330, 63;1, 38628, 75;2, 0, 0;3, 0, 0;
1787169247.598404011 0, 38330, 64;1, 38628, 71;2, 0, 0;3, 0, 0;
1787169249.860855434 0, 38330, 62;1, 38628, 71;2, 0, 0;3, 0, 0;
1787169252.221630534 0, 38330, 44;1, 38628, 87;2, 0, 0;3, 0, 0;
1787169254.541737546 0, 38330, 72;1, 38628, 43;2, 0, 0;3, 0, 0;
1787169256.856553567 0, 38330, 66;1, 38628, 73;2, 0, 0;3, 0, 0;
1787169259.155119317 0, 38330, 66;1, 38628, 56;2, 0, 0;3, 0, 0;
1787169261.423141030 0, 38404, 90;1, 38628, 74;2, 0, 0;3, 0, 0;
1787169263.688926707 0, 38404, 100;1, 38628, 100;2, 0, 0;3, 0, 0;
1787169265.943424253 0, 38404, 56;1, 38628, 51;2, 0, 0;3, 0, 0;
1787169268.201745046 0, 38404, 100;1, 38628, 77;2, 0, 0;3, 0, 0;
1787169270.467985833 0, 38404, 55;1, 38740, 41;2, 0, 0;3, 0, 0;
1787169272.785644668 0, 38406, 76;1, 38740, 55;2, 0, 0;3, 0, 0;
1787169275.099236014 0, 38406, 55;1, 38740, 66;2, 0, 0;3, 0, 0;
1787169277.371293672 0, 38406, 75;1, 38740, 70;2, 0, 0;3, 0, 0;
1787169279.769362878 0, 38406, 74;1, 38740, 54;2, 0, 0;3, 0, 0;
1787169282.065596571 0, 38534, 48;1, 38740, 23;2, 0, 0;3, 0, 0;
1787169284.324002352 0, 38534, 70;1, 38740, 46;2, 0, 0;3, 0, 0;
1787169286.596743809 0, 38534, 50;1, 38740, 96;2, 0, 0;3, 0, 0;
1787169288.863379405 0, 38534, 61;1, 38628, 100;2, 0, 0;3, 0, 0;
1787169291.249326917 0, 38534, 34;1, 38628, 48;2, 0, 0;3, 0, 0;
1787169293.859315093 0, 38534, 63;1, 38628, 56;2, 0, 0;3, 0, 0;
1787169296.246330385 0, 38534, 58;1, 38628, 84;2, 0, 0;3, 0, 0;
1787169298.495849018 0, 38534, 42;1, 38628, 58;2, 0, 0;3, 0, 0;
1787169300.841450721 0, 38534, 36;1, 38628, 60;2, 0, 0;3, 0, 0;
1787169303.104289179 0, 38534, 69;1, 38628, 100;2, 0, 0;3, 0, 0;
1787169305.346881000 0, 38534, 68;1, 38628, 81;2, 0, 0;3, 0, 0;
1787169307.991261183 0, 38534, 68;1, 38628, 50;2, 0, 0;3, 0, 0;
1787169310.871773739 0, 38534, 81;1, 38628, 60;2, 0, 0;3, 0, 0;
1787169313.131976391 0, 38534, 43;1, 38628, 34;2, 0, 0;3, 0, 0;
1787169315.445401102 0, 38534, 57;1, 38628, 52;2, 0, 0;3, 0, 0;
1787169317.723368888 0, 38534, 66;1, 38630, 65;2, 0, 0;3, 0, 0;
1787169319.991617127 0, 38534, 68;1, 38630, 100;2, 0, 0;3, 0, 0;
1787169322.260339626 0, 38534, 56;1, 38630, 34;2, 0, 0;3, 0, 0;
1787169324.573438829 0, 38534, 82;1, 38630, 43;2, 0, 0;3, 0, 0;
1787169326.890041311 0, 38534, 57;1, 38630, 43;2, 0, 0;3, 0, 0;
1787169329.160846940 0, 38534, 56;1, 38630, 58;2, 0, 0;3, 0, 0;
1787169331.420297011 0, 38534, 75;1, 38630, 39;2, 0, 0;3, 0, 0;
1787169333.722907898 0, 38662, 30;1, 38630, 47;2, 0, 0;3, 0, 0;
1787169336.003372372 0, 38662, 51;1, 38630, 76;2, 0, 0;3, 0, 0;
1787169338.280906636 0, 38726, 60;1, 38630, 72;2, 0, 0;3, 0, 0;
1787169340.710651196 0, 38726, 43;1, 38630, 66;2, 0, 0;3, 0, 0;
1787169343.030560668 0, 38726, 69;1, 38630, 53;2, 0, 0;3, 0, 0;
1787169345.270033302 0, 38726, 79;1, 38630, 57;2, 0, 0;3, 0, 0;
1787169347.546151695 0, 38852, 100;1, 38630, 94;2, 0, 0;3, 0, 0;
1787169349.795645173 0, 38852, 100;1, 38630, 100;2, 0, 0;3, 0, 0;
1787169352.048256909 0, 38852, 100;1, 38742, 99;2, 0, 0;3, 0, 0;
1787169354.300998154 0, 39098, 46;1, 38742, 99;2, 0, 0;3, 0, 0;
1787169356.579685651 0, 39260, 100;1, 38742, 99;2, 0, 0;3, 0, 0;
1787169358.843555680 0, 39260, 100;1, 38742, 100;2, 0, 0;3, 0, 0;
1787169361.102346008 0, 39260, 39;1, 38742, 85;2, 0, 0;3, 0, 0;
1787169363.348179917 0, 39260, 62;1, 38742, 99;2, 0, 0;3, 0, 0;
1787169365.611647161 0, 39260, 100;1, 38742, 99;2, 0, 0;3, 0, 0;
1787169367.846404618 0, 39260, 78;1, 38834, 90;2, 0, 0;3, 0, 0;
1787169370.403344174 0, 39260, 46;1, 38834, 52;2, 0, 0;3, 0, 0;
1787169372.887012096 0, 39260, 75;1, 38834, 58;2, 0, 0;3, 0, 0;
1787169375.316365708 0, 39388, 88;1, 38834, 68;2, 0, 0;3, 0, 0;
1787169377.637303058 0, 39388, 78;1, 38834, 34;2, 0, 0;3, 0, 0;
1787169379.960839935 0, 39388, 57;1, 38834, 42;2, 0, 0;3, 0, 0;
1787169382.236749608 0, 39388, 85;1, 38834, 37;2, 0, 0;3, 0, 0;
1787169384.499993870 0, 39388, 57;1, 38834, 50;2, 0, 0;3, 0, 0;
1787169386.768728279 0, 39388, 91;1, 38936, 52;2, 0, 0;3, 0, 0;
1787169389.032234496 0, 39388, 66;1, 38936, 100;2, 0, 0;3, 0, 0;
1787169391.284282882 0, 39388, 100;1, 38938, 100;2, 0, 0;3, 0, 0;
1787169393.537234515 0, 39388, 100;1, 38938, 81;2, 0, 0;3, 0, 0;
1787169395.853849128 0, 39004, 51;1, 38938, 50;2, 0, 0;3, 0, 0;
1787169398.120457104 0, 39004, 100;1, 38938, 86;2, 0, 0;3, 0, 0;
1787169400.386587757 0, 39004, 100;1, 38938, 99;2, 0, 0;3, 0, 0;
1787169402.641513268 0, 39004, 56;1, 38938, 99;2, 0, 0;3, 0, 0;
1787169404.900117395 0, 39004, 100;1, 38938, 100;2, 0, 0;3, 0, 0;
1787169407.142700740 0, 39004, 100;1, 38938, 99;2, 0, 0;3, 0, 0;
1787169409.389378461 0, 39004, 89;1, 38938, 100;2, 0, 0;3, 0, 0;
1787169411.648786727 0, 39004, 62;1, 38938, 99;2, 0, 0;3, 0, 0;
1787169413.904340650 0, 39004, 100;1, 38938, 99;2, 0, 0;3, 0, 0;
1787169416.214902069 0, 39180, 56;1, 38938, 99;2, 0, 0;3, 0, 0;
1787169418.536124914 0, 39180, 98;1, 38938, 99;2, 0, 0;3, 0, 0;
1787169420.853080736 0, 39324, 57;1, 38938, 99;2, 0, 0;3, 0, 0;
1787169423.170361355 0, 39452, 44;1, 38938, 32;2, 0, 0;3, 0, 0;
1787169425.482360092 0, 39452, 46;1, 38938, 31;2, 0, 0;3, 0, 0;
1787169427.747265675 0, 39580, 63;1, 38938, 59;2, 0, 0;3, 0, 0;
1787169430.051726164 0, 39580, 55;1, 38938, 72;2, 0, 0;3, 0, 0;
1787169432.474800653 0, 39580, 56;1, 38938, 35;2, 0, 0;3, 0, 0;
1787169434.946805851 0, 39580, 59;1, 38938, 38;2, 0, 0;3, 0, 0;
1787169437.365104296 0, 39708, 37;1, 38938, 55;2, 0, 0;3, 0, 0;
1787169439.672345194 0, 39708, 41;1, 38938, 53;2, 0, 0;3, 0, 0;
1787169441.943835047 0, 39708, 52;1, 38938, 38;2, 0, 0;3, 0, 0;
1787169444.354328824 0, 39708, 67;1, 38938, 69;2, 0, 0;3, 0, 0;
1787169446.684460132 0, 39708, 46;1, 38938, 45;2, 0, 0;3, 0, 0;
1787169449.482983442 0, 39708, 68;1, 38938, 60;2, 0, 0;3, 0, 0;
1787169451.794319755 0, 39708, 75;1, 38938, 65;2, 0, 0;3, 0, 0;
1787169454.163404010 0, 39708, 61;1, 38938, 59;2, 0, 0;3, 0, 0;
1787169456.429086081 0, 39452, 60;1, 38938, 41;2, 0, 0;3, 0, 0;
1787169458.740466421 0, 39452, 37;1, 38938, 65;2, 0, 0;3, 0, 0;
1787169461.005788163 0, 39452, 51;1, 38938, 74;2, 0, 0;3, 0, 0;
1787169463.248729377 0, 39324, 60;1, 38938, 99;2, 0, 0;3, 0, 0;
1787169465.564615155 0, 39324, 45;1, 38938, 41;2, 0, 0;3, 0, 0;
1787169467.880689688 0, 39324, 100;1, 38938, 95;2, 0, 0;3, 0, 0;
1787169470.142690709 0, 39324, 100;1, 38826, 99;2, 0, 0;3, 0, 0;
1787169472.413548757 0, 39324, 87;1, 38826, 99;2, 0, 0;3, 0, 0;
1787169474.674671727 0, 39324, 93;1, 38826, 70;2, 0, 0;3, 0, 0;
1787169476.946726394 0, 39324, 72;1, 38602, 56;2, 0, 0;3, 0, 0;
1787169479.218738266 0, 39324, 47;1, 38602, 65;2, 0, 0;3, 0, 0;
1787169481.484432481 0, 39324, 52;1, 38602, 69;2, 0, 0;3, 0, 0;
1787169483.872889062 0, 39324, 59;1, 38602, 55;2, 0, 0;3, 0, 0;
1787169486.192133187 0, 39324, 79;1, 38602, 69;2, 0, 0;3, 0, 0;
1787169488.520216568 0, 39324, 70;1, 38602, 64;2, 0, 0;3, 0, 0;
1787169490.768399949 0, 39324, 100;1, 38602, 91;2, 0, 0;3, 0, 0;
1787169493.076905836 0, 39324, 63;1, 38602, 75;2, 0, 0;3, 0, 0;
1787169495.324819015 0, 39684, 47;1, 38602, 42;2, 0, 0;3, 0, 0;
1787169497.624667909 0, 39812, 84;1, 38602, 100;2, 0, 0;3, 0, 0;
1787169499.895840571 0, 39940, 100;1, 38602, 100;2, 0, 0;3, 0, 0;
1787169502.155754715 0, 39940, 70;1, 38602, 100;2, 0, 0;3, 0, 0;
1787169504.397222318 0, 39940, 100;1, 38602, 99;2, 0, 0;3, 0, 0;
1787169506.704180131 0, 39940, 100;1, 38602, 99;2, 0, 0;3, 0, 0;
1787169509.014266858 0, 39940, 60;1, 38602, 99;2, 0, 0;3, 0, 0;
1787169511.336513802 0, 39940, 93;1, 38602, 72;2, 0, 0;3, 0, 0;
1787169513.597153756 0, 39940, 100;1, 38602, 83;2, 0, 0;3, 0, 0;
1787169515.862927083 0, 39940, 33;1, 38602, 68;2, 0, 0;3, 0, 0;
1787169518.141861559 0, 39940, 100;1, 38602, 81;2, 0, 0;3, 0, 0;
1787169520.398217221 0, 39940, 100;1, 38602, 100;2, 0, 0;3, 0, 0;
1787169522.717558075 0, 39940, 56;1, 38602, 61;2, 0, 0;3, 0, 0;
1787169525.127268188 0, 39940, 58;1, 38602, 56;2, 0, 0;3, 0, 0;
1787169527.841654935 0, 39940, 78;1, 38602, 78;2, 0, 0;3, 0, 0;
1787169530.088837092 0, 39940, 72;1, 38696, 57;2, 0, 0;3, 0, 0;
1787169532.464027470 0, 39812, 58;1, 38914, 71;2, 0, 0;3, 0, 0;
1787169534.729997429 0, 39812, 92;1, 38914, 70;2, 0, 0;3, 0, 0;
1787169536.986420258 0, 39812, 51;1, 38914, 46;2, 0, 0;3, 0, 0;
1787169539.250202902 0, 39812, 100;1, 38914, 100;2, 0, 0;3, 0, 0;
1787169541.489387821 0, 39812, 41;1, 38914, 62;2, 0, 0;3, 0, 0;
1787169543.757105922 0, 39812, 74;1, 38914, 56;2, 0, 0;3, 0, 0;
1787169546.020613615 0, 40068, 100;1, 38914, 99;2, 0, 0;3, 0, 0;
1787169548.283483040 0, 40068, 100;1, 38914, 100;2, 0, 0;3, 0, 0;
1787169550.540998266 0, 40068, 99;1, 38914, 99;2, 0, 0;3, 0, 0;
1787169552.859946796 0, 40068, 57;1, 38914, 49;2, 0, 0;3, 0, 0;
1787169555.180976790 0, 40068, 100;1, 38914, 99;2, 0, 0;3, 0, 0;
1787169557.491243543 0, 40068, 95;1, 38914, 75;2, 0, 0;3, 0, 0;
1787169559.764930656 0, 40068, 65;1, 38914, 100;2, 0, 0;3, 0, 0;
1787169562.020669104 0, 40068, 96;1, 38914, 76;2, 0, 0;3, 0, 0;
1787169564.290499360 0, 40196, 100;1, 38914, 99;2, 0, 0;3, 0, 0;
1787169566.554187166 0, 40452, 100;1, 38914, 100;2, 0, 0;3, 0, 0;
1787169568.804587249 0, 40580, 100;1, 38914, 100;2, 0, 0;3, 0, 0;
1787169571.051633552 0, 40580, 98;1, 38914, 77;2, 0, 0;3, 0, 0;
1787169573.372621078 0, 40580, 100;1, 38914, 100;2, 0, 0;3, 0, 0;
1787169575.629399610 0, 40580, 100;1, 38914, 76;2, 0, 0;3, 0, 0;
1787169578.073291502 0, 40580, 59;1, 38914, 76;2, 0, 0;3, 0, 0;
1787169580.633632256 0, 40580, 64;1, 39026, 81;2, 0, 0;3, 0, 0;
1787169582.882400829 0, 40580, 67;1, 39026, 69;2, 0, 0;3, 0, 0;
1787169585.157418397 0, 40580, 75;1, 39026, 61;2, 0, 0;3, 0, 0;
1787169587.475694938 0, 40324, 81;1, 39138, 79;2, 0, 0;3, 0, 0;
1787169589.780323184 0, 40324, 47;1, 39250, 70;2, 0, 0;3, 0, 0;
1787169592.050864518 0, 40324, 49;1, 39250, 41;2, 0, 0;3, 0, 0;
1787169594.294616601 0, 40324, 46;1, 39250, 54;2, 0, 0;3, 0, 0;
1787169596.553404703 0, 40324, 46;1, 39250, 95;2, 0, 0;3, 0, 0;
1787169598.789888125 0, 40324, 100;1, 38914, 99;2, 0, 0;3, 0, 0;
1787169601.029882401 0, 40324, 46;1, 38914, 19;2, 0, 0;3, 0, 0;
1787169603.488452121 0, 39612, 1;1, 38354, 0;2, 0, 0;3, 0, 0;
1787169606.382955574 0, 38980, 7;1, 38354, 0;2, 0, 0;3, 0, 0;
