1787145494.261668095 0, 35432, 0;1, 35446, 1;2, 0, 0;3, 0, 0;
1787145496.573661901 0, 35906, 19;1, 35882, 7;2, 0, 0;3, 0, 0;
1787145499.534906545 0, 35906, 22;1, 36068, 12;2, 0, 0;3, 0, 0;
1787145503.040352676 0, 35906, 22;1, 36316, 37;2, 0, 0;3, 0, 0;
1787145505.494958494 0, 36060, 25;1, 36506, 42;2, 0, 0;3, 0, 0;
1787145507.813262993 0, 36060, 21;1, 36878, 74;2, 0, 0;3, 0, 0;
1787145510.255240928 0, 36060, 26;1, 36990, 66;2, 0, 0;3, 0, 0;
1787145512.569649825 0, 36188, 37;1, 36990, 51;2, 0, 0;3, 0, 0;
1787145514.888349448 0, 36188, 27;1, 36990, 45;2, 0, 0;3, 0, 0;
1787145517.183788884 0, 36412, 40;1, 37214, 71;2, 0, 0;3, 0, 0;
1787145519.426437085 0, 36412, 25;1, 37214, 78;2, 0, 0;3, 0, 0;
1787145521.754954883 0, 36412, 20;1, 37326, 25;2, 0, 0;3, 0, 0;
1787145524.522006599 0, 36630, 20;1, 37550, 37;2, 0, 0;3, 0, 0;
1787145527.649367066 0, 36630, 28;1, 37550, 58;2, 0, 0;3, 0, 0;
1787145530.174100213 0, 36630, 42;1, 37550, 40;2, 0, 0;3, 0, 0;
1787145532.666722441 0, 36630, 32;1, 37600, 76;2, 0, 0;3, 0, 0;
1787145535.213748308 0, 36670, 53;1, 37792, 58;2, 0, 0;3, 0, 0;
1787145537.702439723 0, 36820, 73;1, 37792, 79;2, 0, 0;3, 0, 0;
1787145540.103387340 0, 37056, 67;1, 37792, 64;2, 0, 0;3, 0, 0;
1787145542.569461629 0, 37620, 66;1, 37794, 62;2, 0, 0;3, 0, 0;
1787145545.141447322 0, 37922, 30;1, 37794, 58;2, 0, 0;3, 0, 0;
1787145547.583453534 0, 38404, 24;1, 37794, 36;2, 0, 0;3, 0, 0;
1787145550.154412428 0, 38660, 48;1, 37686, 37;2, 0, 0;3, 0, 0;
1787145552.635723810 0, 39074, 47;1, 37570, 46;2, 0, 0;3, 0, 0;
1787145555.214350456 0, 40026, 49;1, 37570, 53;2, 0, 0;3, 0, 0;
1787145557.711931662 0, 40154, 57;1, 37458, 13;2, 0, 0;3, 0, 0;
1787145560.151425586 0, 40326, 34;1, 37458, 11;2, 0, 0;3, 0, 0;
1787145562.541552039 0, 41050, 24;1, 37346, 0;2, 0, 0;3, 0, 0;
1787145564.967496798 0, 41434, 64;1, 37346, 0;2, 0, 0;3, 0, 0;
1787145567.490180079 0, 41622, 65;1, 37346, 0;2, 0, 0;3, 0, 0;
1787145570.061324742 0, 41686, 76;1, 37346, 0;2, 0, 0;3, 0, 0;
1787145572.406204652 0, 41688, 86;1, 37346, 17;2, 0, 0;3, 0, 0;
1787145574.901086092 0, 41944, 70;1, 37346, 52;2, 0, 0;3, 0, 0;
1787145577.321367659 0, 42096, 51;1, 37346, 13;2, 0, 0;3, 0, 0;
1787145579.776906591 0, 42906, 29;1, 37346, 0;2, 0, 0;3, 0, 0;
1787145582.246322852 0, 43572, 81;1, 37346, 12;2, 0, 0;3, 0, 0;
1787145584.898342393 0, 43632, 66;1, 37346, 0;2, 0, 0;3, 0, 0;
1787145587.378778479 0, 43632, 89;1, 37268, 0;2, 0, 0;3, 0, 0;
1787145589.769582164 0, 43632, 73;1, 20794, 18;2, 0, 0;3, 0, 0;
1787145592.282581374 0, 43632, 87;1, 20794, 33;2, 0, 0;3, 0, 0;
1787145594.803578945 0, 43632, 85;1, 20794, 51;2, 0, 0;3, 0, 0;
1787145597.117238206 0, 43904, 76;1, 20794, 38;2, 0, 0;3, 0, 0;
1787145599.650392714 0, 43948, 19;1, 20794, 0;2, 0, 0;3, 0, 0;
1787145602.834739302 0, 44504, 86;1, 20924, 13;2, 0, 0;3, 0, 0;
1787145605.329128424 0, 44544, 55;1, 20924, 18;2, 0, 0;3, 0, 0;
1787145607.731606211 0, 44544, 56;1, 20924, 11;2, 0, 0;3, 0, 0;
1787145610.181680918 0, 44626, 84;1, 20924, 11;2, 0, 0;3, 0, 0;
1787145612.660495213 0, 44626, 50;1, 28794, 19;2, 0, 0;3, 0, 0;
1787145615.218477849 0, 44626, 78;1, 37774, 20;2, 0, 0;3, 0, 0;
1787145617.755333719 0, 44626, 67;1, 38350, 58;2, 0, 0;3, 0, 0;
1787145620.265281706 0, 44626, 63;1, 38462, 23;2, 0, 0;3, 0, 0;
1787145622.727160323 0, 44626, 54;1, 38942, 23;2, 0, 0;3, 0, 0;
1787145625.191874725 0, 44532, 0;1, 39934, 18;2, 0, 0;3, 0, 0;
1787145627.776807149 0, 43752, 0;1, 40386, 7;2, 0, 0;3, 0, 0;
1787145630.383200722 0, 43602, 1;1, 40610, 45;2, 0, 0;3, 0, 0;
1787145632.768108176 0, 41688, 0;1, 40998, 29;2, 0, 0;3, 0, 0;
1787145635.388574098 0, 40146, 20;1, 42096, 22;2, 0, 0;3, 0, 0;
1787145637.947642934 0, 40040, 26;1, 42432, 48;2, 0, 0;3, 0, 0;
1787145640.499676912 0, 39634, 32;1, 42434, 43;2, 0, 0;3, 0, 0;
1787145643.063492996 0, 38994, 24;1, 42434, 44;2, 0, 0;3, 0, 0;
1787145645.548036821 0, 38994, 30;1, 36714, 38;2, 0, 0;3, 0, 0;
1787145648.081841189 0, 38738, 19;1, 37162, 17;2, 0, 0;3, 0, 0;
1787145650.630147656 0, 38482, 33;1, 37386, 68;2, 0, 0;3, 0, 0;
1787145653.226352364 0, 38482, 32;1, 37386, 41;2, 0, 0;3, 0, 0;
1787145655.736071185 0, 38482, 32;1, 37386, 76;2, 0, 0;3, 0, 0;
1787145658.255861698 0, 38354, 0;1, 37386, 28;2, 0, 0;3, 0, 0;
1787145660.811795509 0, 38354, 40;1, 37386, 46;2, 0, 0;3, 0, 0;
1787145663.143321536 0, 38354, 34;1, 37386, 79;2, 0, 0;3, 0, 0;
1787145665.488344381 0, 24960, 39;1, 37386, 44;2, 0, 0;3, 0, 0;
1787145667.811182668 0, 24960, 38;1, 37274, 45;2, 0, 0;3, 0, 0;
1787145670.143497598 0, 30204, 26;1, 36826, 21;2, 0, 0;3, 0, 0;
1787145672.478039022 0, 30386, 39;1, 36602, 70;2, 0, 0;3, 0, 0;
1787145674.772853416 0, 30386, 26;1, 35738, 48;2, 0, 0;3, 0, 0;
1787145677.363732257 0, 30448, 21;1, 36112, 45;2, 0, 0;3, 0, 0;
1787145680.351466083 0, 30498, 44;1, 36256, 82;2, 0, 0;3, 0, 0;
1787145682.909925625 0, 30500, 89;1, 35360, 38;2, 0, 0;3, 0, 0;
1787145685.449221393 0, 30500, 57;1, 33904, 32;2, 0, 0;3, 0, 0;
1787145687.894807643 0, 30500, 38;1, 34020, 0;2, 0, 0;3, 0, 0;
1787145690.367794749 0, 30500, 30;1, 34016, 8;2, 0, 0;3, 0, 0;
1787145692.866283218 0, 30500, 78;1, 34128, 65;2, 0, 0;3, 0, 0;
1787145695.360995113 0, 34308, 40;1, 34128, 58;2, 0, 0;3, 0, 0;
1787145697.854560137 0, 34436, 65;1, 33792, 42;2, 0, 0;3, 0, 0;
1787145700.389025885 0, 34564, 61;1, 33680, 78;2, 0, 0;3, 0, 0;
1787145702.766766193 0, 34564, 56;1, 33792, 52;2, 0, 0;3, 0, 0;
1787145705.219577458 0, 34566, 43;1, 34270, 84;2, 0, 0;3, 0, 0;
1787145707.701098440 0, 34566, 53;1, 34270, 64;2, 0, 0;3, 0, 0;
1787145710.160074005 0, 34566, 57;1, 34270, 42;2, 0, 0;3, 0, 0;
1787145712.648605837 0, 34606, 57;1, 34272, 60;2, 0, 0;3, 0, 0;
1787145715.139839604 0, 34606, 59;1, 34272, 46;2, 0, 0;3, 0, 0;
1787145717.659440558 0, 34606, 46;1, 34272, 31;2, 0, 0;3, 0, 0;
1787145720.093755004 0, 34606, 32;1, 34160, 30;2, 0, 0;3, 0, 0;
1787145722.567085201 0, 34606, 42;1, 34160, 67;2, 0, 0;3, 0, 0;
1787145725.016536168 0, 34606, 64;1, 34160, 59;2, 0, 0;3, 0, 0;
1787145727.546392848 0, 34606, 35;1, 34160, 45;2, 0, 0;3, 0, 0;
1787145729.971125645 0, 34606, 64;1, 34160, 56;2, 0, 0;3, 0, 0;
1787145732.459651084 0, 34606, 49;1, 34160, 44;2, 0, 0;3, 0, 0;
1787145734.971458194 0, 34718, 40;1, 34048, 13;2, 0, 0;3, 0, 0;
1787145737.484387935 0, 34718, 66;1, 34048, 55;2, 0, 0;3, 0, 0;
1787145740.033744105 0, 34718, 46;1, 34048, 54;2, 0, 0;3, 0, 0;
1787145742.523680439 0, 34718, 49;1, 34048, 49;2, 0, 0;3, 0, 0;
1787145744.859771687 0, 34718, 68;1, 34048, 47;2, 0, 0;3, 0, 0;
1787145747.193019272 0, 34720, 55;1, 34048, 47;2, 0, 0;3, 0, 0;
1787145749.643334757 0, 34720, 50;1, 34048, 41;2, 0, 0;3, 0, 0;
1787145752.078023033 0, 34720, 40;1, 34048, 31;2, 0, 0;3, 0, 0;
1787145754.636365079 0, 34720, 76;1, 34070, 50;2, 0, 0;3, 0, 0;
1787145757.601439345 0, 42526, 49;1, 34480, 58;2, 0, 0;3, 0, 0;
1787145760.326831116 0, 43682, 76;1, 34944, 55;2, 0, 0;3, 0, 0;
1787145762.885341714 0, 43682, 56;1, 34720, 13;2, 0, 0;3, 0, 0;
1787145765.425110759 0, 43682, 70;1, 34828, 74;2, 0, 0;3, 0, 0;
1787145767.785636725 0, 43684, 58;1, 35056, 51;2, 0, 0;3, 0, 0;
1787145770.103459396 0, 43684, 60;1, 34832, 34;2, 0, 0;3, 0, 0;
1787145772.366893569 0, 43684, 29;1, 34992, 0;2, 0, 0;3, 0, 0;
1787145774.701147583 0, 43684, 63;1, 35504, 61;2, 0, 0;3, 0, 0;
1787145777.200161028 0, 43684, 45;1, 35280, 47;2, 0, 0;3, 0, 0;
1787145779.470343461 0, 43684, 39;1, 35280, 59;2, 0, 0;3, 0, 0;
1787145781.766695568 0, 43684, 56;1, 35056, 54;2, 0, 0;3, 0, 0;
1787145784.084289974 0, 43684, 66;1, 35056, 63;2, 0, 0;3, 0, 0;
1787145786.492673466 0, 43684, 62;1, 35056, 65;2, 0, 0;3, 0, 0;
1787145788.824417390 0, 43684, 81;1, 35056, 37;2, 0, 0;3, 0, 0;
1787145791.291790239 0, 43684, 84;1, 34944, 41;2, 0, 0;3, 0, 0;
1787145793.714470052 0, 43684, 44;1, 34944, 51;2, 0, 0;3, 0, 0;
1787145796.180276100 0, 43578, 78;1, 34832, 40;2, 0, 0;3, 0, 0;
1787145798.723164379 0, 39834, 63;1, 34832, 62;2, 0, 0;3, 0, 0;
1787145801.198084070 0, 39836, 44;1, 34720, 62;2, 0, 0;3, 0, 0;
1787145803.640681051 0, 39836, 71;1, 34608, 47;2, 0, 0;3, 0, 0;
1787145806.088114219 0, 39836, 70;1, 34608, 51;2, 0, 0;3, 0, 0;
1787145808.624718532 0, 39836, 73;1, 34608, 47;2, 0, 0;3, 0, 0;
1787145811.138847056 0, 39836, 75;1, 34608, 36;2, 0, 0;3, 0, 0;
1787145813.428665213 0, 39836, 73;1, 34608, 61;2, 0, 0;3, 0, 0;
1787145815.956673847 0, 39836, 74;1, 34496, 56;2, 0, 0;3, 0, 0;
1787145818.412086038 0, 39836, 61;1, 34496, 53;2, 0, 0;3, 0, 0;
1787145820.908025682 0, 39836, 71;1, 34496, 56;2, 0, 0;3, 0, 0;
1787145823.278366065 0, 39836, 58;1, 34384, 45;2, 0, 0;3, 0, 0;
1787145825.634233900 0, 39836, 67;1, 34384, 38;2, 0, 0;3, 0, 0;
1787145828.084136446 0, 39836, 68;1, 34384, 43;2, 0, 0;3, 0, 0;
1787145830.542638534 0, 39836, 77;1, 34384, 40;2, 0, 0;3, 0, 0;
1787145833.498876475 0, 39836, 63;1, 34806, 30;2, 0, 0;3, 0, 0;
1787145836.173693923 0, 39836, 99;1, 34944, 99;2, 0, 0;3, 0, 0;
1787145838.498985552 0, 40622, 34;1, 38520, 31;2, 0, 0;3, 0, 0;
1787145840.817812443 0, 40988, 30;1, 38802, 44;2, 0, 0;3, 0, 0;
1787145843.272050669 0, 41500, 44;1, 38802, 47;2, 0, 0;3, 0, 0;
1787145845.767979389 0, 41880, 86;1, 38802, 61;2, 0, 0;3, 0, 0;
1787145848.178462600 0, 42140, 54;1, 38802, 58;2, 0, 0;3, 0, 0;
1787145850.503469501 0, 42268, 53;1, 37044, 22;2, 0, 0;3, 0, 0;
1787145852.789412772 0, 42268, 65;1, 36740, 5;2, 0, 0;3, 0, 0;
1787145855.223788965 0, 42268, 84;1, 36740, 5;2, 0, 0;3, 0, 0;
1787145857.628604001 0, 42268, 59;1, 36740, 5;2, 0, 0;3, 0, 0;
1787145859.904788951 0, 42268, 58;1, 36740, 9;2, 0, 0;3, 0, 0;
1787145862.222336925 0, 42652, 41;1, 36740, 3;2, 0, 0;3, 0, 0;
1787145864.477656509 0, 43036, 44;1, 36740, 14;2, 0, 0;3, 0, 0;
1787145866.710866805 0, 43036, 81;1, 36740, 10;2, 0, 0;3, 0, 0;
1787145868.992225483 0, 43036, 90;1, 36740, 18;2, 0, 0;3, 0, 0;
1787145871.254444628 0, 43036, 72;1, 36740, 5;2, 0, 0;3, 0, 0;
1787145873.729228367 0, 43036, 84;1, 36740, 7;2, 0, 0;3, 0, 0;
1787145876.148340556 0, 43036, 54;1, 36740, 4;2, 0, 0;3, 0, 0;
1787145878.550511213 0, 43420, 51;1, 36740, 6;2, 0, 0;3, 0, 0;
1787145880.891766662 0, 43932, 74;1, 36740, 14;2, 0, 0;3, 0, 0;
1787145883.289668344 0, 44444, 59;1, 36958, 4;2, 0, 0;3, 0, 0;
1787145885.736343700 0, 44444, 40;1, 26124, 12;2, 0, 0;3, 0, 0;
1787145888.294856512 0, 44444, 81;1, 19376, 11;2, 0, 0;3, 0, 0;
1787145890.652972305 0, 44716, 50;1, 10552, 14;2, 0, 0;3, 0, 0;
1787145893.116388944 0, 45228, 45;1, 10552, 10;2, 0, 0;3, 0, 0;
1787145895.382044718 0, 45356, 95;1, 10552, 9;2, 0, 0;3, 0, 0;
1787145897.652762449 0, 45612, 78;1, 10552, 9;2, 0, 0;3, 0, 0;
1787145900.000814251 0, 45972, 70;1, 10552, 7;2, 0, 0;3, 0, 0;
1787145902.411198354 0, 45996, 62;1, 10552, 25;2, 0, 0;3, 0, 0;
1787145904.642819355 0, 45996, 100;1, 10552, 0;2, 0, 0;3, 0, 0;
1787145906.895423175 0, 46140, 99;1, 10552, 31;2, 0, 0;3, 0, 0;
1787145909.159153549 0, 46140, 95;1, 10552, 10;2, 0, 0;3, 0, 0;
1787145911.686285596 0, 46678, 79;1, 26208, 74;2, 0, 0;3, 0, 0;
1787145914.579996698 0, 46140, 69;1, 27880, 5;2, 0, 0;3, 0, 0;
1787145917.159670173 0, 46140, 78;1, 27882, 41;2, 0, 0;3, 0, 0;
1787145919.541203642 0, 46140, 86;1, 27882, 48;2, 0, 0;3, 0, 0;
1787145921.996511118 0, 46140, 74;1, 27882, 35;2, 0, 0;3, 0, 0;
1787145924.374562053 0, 46140, 49;1, 27882, 31;2, 0, 0;3, 0, 0;
1787145926.885415432 0, 46140, 55;1, 27882, 25;2, 0, 0;3, 0, 0;
1787145929.155011528 0, 46140, 57;1, 27882, 0;2, 0, 0;3, 0, 0;
1787145931.419404387 0, 43452, 50;1, 27882, 0;2, 0, 0;3, 0, 0;
1787145933.685123489 0, 42556, 55;1, 27882, 0;2, 0, 0;3, 0, 0;
1787145935.941976189 0, 41104, 0;1, 27882, 0;2, 0, 0;3, 0, 0;
