1787252751.685008515 0, 39213, 10;1, 32313, 1;2, 21415, 1;3, 10721, 0;
1787252754.911982292 0, 39851, 36;1, 32365, 20;2, 21999, 0;3, 10721, 0;
1787252757.376508451 0, 39853, 14;1, 32385, 12;2, 22041, 15;3, 10721, 0;
1787252760.534795983 0, 39853, 12;1, 32597, 28;2, 22051, 3;3, 10721, 0;
1787252763.752450834 0, 40043, 56;1, 32875, 60;2, 22155, 22;3, 10721, 0;
1787252766.506973084 0, 40325, 40;1, 33499, 31;2, 22711, 31;3, 25345, 33;
1787252769.573557316 0, 40325, 6;1, 33617, 11;2, 22711, 21;3, 26571, 0;
1787252772.111774034 0, 40171, 18;1, 33335, 29;2, 22429, 4;3, 27113, 1;
1787252775.235046730 0, 40363, 12;1, 33393, 30;2, 22429, 11;3, 27177, 11;
1787252778.433016368 0, 40491, 16;1, 33393, 21;2, 22429, 11;3, 27177, 11;
1787252781.501356980 0, 40787, 19;1, 33403, 31;2, 22429, 11;3, 27177, 1;
1787252784.802056464 0, 40915, 18;1, 17147, 8;2, 22429, 11;3, 27177, 5;
1787252788.093207331 0, 40915, 12;1, 17259, 6;2, 22429, 7;3, 27177, 8;
1787252791.272095255 0, 40915, 11;1, 17259, 33;2, 22519, 42;3, 27257, 50;
1787252793.740032133 0, 40921, 60;1, 17259, 5;2, 22525, 19;3, 27257, 11;
1787252796.787626045 0, 41115, 59;1, 17431, 5;2, 22697, 19;3, 33877, 5;
1787252800.211829294 0, 41743, 99;1, 17259, 44;2, 22525, 73;3, 36143, 95;
1787252802.921845611 0, 41743, 63;1, 17259, 5;2, 22525, 21;3, 36145, 21;
1787252805.837083733 0, 42191, 51;1, 17259, 10;2, 22589, 0;3, 36145, 14;
1787252809.016533796 0, 42347, 25;1, 16923, 6;2, 22589, 18;3, 36145, 0;
1787252812.352916087 0, 43573, 100;1, 16923, 23;2, 22589, 82;3, 36145, 33;
1787252814.781656877 0, 40275, 23;1, 16923, 8;2, 22589, 17;3, 36145, 6;
1787252817.909236949 0, 36207, 15;1, 16923, 8;2, 22589, 25;3, 36145, 11;
1787252821.151553078 0, 36847, 11;1, 16811, 0;2, 22589, 35;3, 36145, 4;
1787252824.515155124 0, 36847, 11;1, 16811, 0;2, 22589, 16;3, 36145, 32;
1787252827.041186439 0, 37193, 65;1, 31435, 12;2, 22935, 9;3, 34855, 5;
1787252830.772453152 0, 36917, 45;1, 33039, 10;2, 22653, 25;3, 19619, 1;
1787252834.049265986 0, 37295, 43;1, 33039, 5;2, 22653, 4;3, 19619, 0;
1787252837.294238523 0, 37935, 41;1, 33039, 5;2, 22653, 19;3, 19619, 8;
1787252840.818114062 0, 38193, 48;1, 33039, 9;2, 22653, 12;3, 19763, 36;
1787252843.496499616 0, 38193, 53;1, 33039, 8;2, 22653, 7;3, 19763, 13;
1787252846.972800752 0, 38193, 40;1, 32761, 1;2, 22653, 28;3, 19763, 16;
1787252849.490186513 0, 38193, 23;1, 16811, 0;2, 22653, 14;3, 19763, 8;
1787252852.634426257 0, 38373, 7;1, 16811, 5;2, 22653, 17;3, 19763, 12;
1787252855.990685080 0, 38833, 43;1, 16811, 5;2, 22653, 10;3, 19907, 8;
1787252859.354292101 0, 39089, 46;1, 16811, 0;2, 22653, 61;3, 19907, 41;
1787252861.804041933 0, 39089, 41;1, 16811, 0;2, 22739, 28;3, 19907, 15;
1787252864.843623569 0, 39089, 42;1, 16811, 0;2, 22739, 12;3, 19907, 5;
1787252867.854442402 0, 39089, 31;1, 16811, 0;2, 22739, 26;3, 19907, 8;
1787252871.390113146 0, 39089, 90;1, 16811, 0;2, 23187, 94;3, 19907, 41;
1787252873.886289990 0, 39581, 55;1, 24361, 13;2, 23791, 35;3, 34741, 49;
1787252877.235612905 0, 39089, 33;1, 26521, 0;2, 23299, 22;3, 36459, 12;
1787252880.328409822 0, 39089, 19;1, 27417, 23;2, 23299, 47;3, 36459, 27;
1787252883.597611935 0, 39089, 63;1, 27417, 62;2, 23299, 83;3, 36459, 74;
1787252886.091410823 0, 38705, 15;1, 27977, 18;2, 23299, 9;3, 36459, 11;
1787252889.062554677 0, 38667, 0;1, 28089, 0;2, 23187, 10;3, 36571, 1;
1787252892.414080247 0, 38065, 6;1, 29097, 6;2, 14257, 0;3, 36825, 11;
1787252895.613654914 0, 36131, 68;1, 29097, 6;2, 14257, 0;3, 36825, 68;
1787252898.140101479 0, 34225, 18;1, 29097, 18;2, 14257, 0;3, 36827, 16;
1787252901.158798156 0, 34225, 12;1, 29323, 15;2, 14257, 0;3, 36827, 2;
1787252904.651242276 0, 34225, 21;1, 23365, 22;2, 14257, 0;3, 36827, 0;
1787252908.075312251 0, 33585, 12;1, 23365, 12;2, 14257, 0;3, 36827, 5;
1787252911.280310603 0, 33585, 12;1, 23365, 11;2, 14257, 0;3, 36827, 11;
1787252914.687404199 0, 33585, 12;1, 23365, 4;2, 14257, 0;3, 36827, 11;
1787252918.006465730 0, 33585, 6;1, 23365, 6;2, 14257, 0;3, 36827, 16;
1787252920.879297971 0, 33521, 1;1, 23365, 18;2, 14257, 0;3, 36827, 11;
1787252924.312330268 0, 31985, 14;1, 23365, 11;2, 11285, 3;3, 34413, 13;
1787252927.695936623 0, 30355, 12;1, 23365, 9;2, 11731, 0;3, 27659, 8;
1787252931.021705178 0, 30355, 13;1, 23023, 8;2, 16555, 2;3, 27659, 0;
1787252934.328428013 0, 30355, 13;1, 22805, 4;2, 16711, 10;3, 27883, 23;
1787252937.557789586 0, 30355, 15;1, 22133, 3;2, 16711, 3;3, 28285, 13;
1787252940.715328520 0, 30355, 48;1, 20565, 16;2, 16713, 22;3, 28285, 40;
1787252943.235055863 0, 30355, 23;1, 20565, 11;2, 16825, 8;3, 28397, 25;
1787252946.157895003 0, 30355, 12;1, 20229, 7;2, 16825, 6;3, 28621, 29;
1787252949.403942221 0, 30355, 10;1, 20117, 7;2, 16825, 5;3, 28733, 9;
1787252952.769226474 0, 30355, 70;1, 20117, 45;2, 16825, 42;3, 28845, 83;
1787252955.263694140 0, 30355, 33;1, 20117, 57;2, 18551, 61;3, 31507, 71;
1787252957.787647081 0, 30355, 12;1, 20005, 10;2, 19673, 10;3, 31693, 0;
1787252960.816405480 0, 30355, 18;1, 22669, 14;2, 22997, 20;3, 32465, 13;
1787252963.995737679 0, 30355, 20;1, 22739, 5;2, 23067, 10;3, 32767, 11;
1787252967.517700184 0, 30355, 13;1, 23289, 38;2, 23617, 45;3, 33097, 10;
1787252970.497429177 0, 30355, 15;1, 23291, 18;2, 23619, 7;3, 33281, 0;
1787252974.078680454 0, 30355, 20;1, 23291, 32;2, 23619, 8;3, 33281, 15;
1787252977.231183452 0, 30355, 6;1, 23291, 10;2, 20777, 30;3, 30439, 14;
1787252980.335453878 0, 30355, 6;1, 23291, 27;2, 20777, 26;3, 30439, 23;
1787252983.573092743 0, 30355, 17;1, 23291, 18;2, 20777, 15;3, 30439, 6;
1787252986.908936278 0, 30355, 16;1, 23179, 3;2, 20777, 6;3, 30439, 30;
1787252990.301124814 0, 30355, 80;1, 23179, 49;2, 20777, 34;3, 30439, 72;
1787252992.969516032 0, 30355, 15;1, 23179, 9;2, 20889, 7;3, 30439, 14;
1787252995.888023327 0, 30355, 42;1, 23179, 11;2, 20889, 6;3, 30439, 0;
1787252998.851315419 0, 30355, 12;1, 23179, 25;2, 20889, 47;3, 30215, 9;
1787253002.370512516 0, 30355, 13;1, 23179, 15;2, 20889, 17;3, 30215, 6;
1787253005.120126308 0, 30355, 12;1, 23179, 7;2, 20889, 4;3, 30215, 0;
1787253008.226307599 0, 30355, 14;1, 23179, 7;2, 20889, 8;3, 30215, 0;
1787253011.315943220 0, 30527, 7;1, 23351, 12;2, 27519, 8;3, 30387, 13;
1787253014.513043766 0, 30355, 24;1, 23179, 15;2, 29561, 10;3, 30215, 6;
1787253017.586439760 0, 30355, 12;1, 23627, 12;2, 29561, 22;3, 30215, 18;
1787253020.781458658 0, 30355, 24;1, 23627, 16;2, 29705, 22;3, 30021, 0;
1787253023.867335375 0, 30355, 13;1, 24075, 4;2, 29705, 29;3, 29879, 5;
1787253026.984841859 0, 30355, 18;1, 24333, 0;2, 29705, 0;3, 29655, 5;
1787253030.300101476 0, 30355, 12;1, 24687, 0;2, 29705, 15;3, 29543, 17;
1787253033.366483501 0, 30355, 12;1, 25195, 13;2, 29705, 31;3, 29471, 0;
1787253036.669579960 0, 30355, 12;1, 25195, 8;2, 29705, 32;3, 29095, 11;
1787253039.976505886 0, 30355, 12;1, 25195, 8;2, 29705, 22;3, 28983, 24;
1787253043.422356813 0, 30355, 12;1, 25195, 11;2, 29705, 14;3, 28983, 16;
1787253046.768357993 0, 30355, 16;1, 24971, 0;2, 29705, 6;3, 28983, 16;
1787253050.008870230 0, 30355, 13;1, 24971, 59;2, 29705, 96;3, 28983, 28;
1787253052.521781058 0, 30355, 18;1, 24971, 19;2, 29705, 22;3, 28983, 5;
1787253055.597032972 0, 30355, 17;1, 24747, 19;2, 29705, 28;3, 28983, 7;
1787253058.799445683 0, 30355, 11;1, 21903, 10;2, 26861, 29;3, 28983, 6;
1787253061.961079023 0, 30355, 6;1, 21903, 10;2, 26861, 7;3, 31493, 16;
1787253065.286171197 0, 30355, 13;1, 21791, 8;2, 26861, 31;3, 34491, 5;
1787253068.402085596 0, 30355, 6;1, 21791, 7;2, 26861, 34;3, 34605, 30;
1787253071.407565156 0, 30355, 12;1, 21679, 12;2, 26861, 25;3, 34605, 25;
1787253074.830731419 0, 30355, 16;1, 21567, 13;2, 26861, 15;3, 34605, 13;
1787253077.921674582 0, 30355, 8;1, 21679, 7;2, 26199, 0;3, 34605, 3;
1787253081.445058511 0, 30355, 17;1, 21679, 14;2, 21237, 11;3, 34605, 41;
1787253084.309519976 0, 30355, 8;1, 21679, 9;2, 21329, 6;3, 34605, 9;
1787253087.229968146 0, 30355, 20;1, 21791, 7;2, 21329, 15;3, 34605, 27;
1787253090.322570013 0, 30355, 21;1, 22307, 0;2, 21329, 15;3, 34605, 20;
1787253093.663116623 0, 30637, 34;1, 22857, 12;2, 35953, 33;3, 34887, 18;
1787253096.922309643 0, 30739, 33;1, 22575, 8;2, 37557, 8;3, 34605, 35;
1787253100.198697954 0, 30739, 90;1, 25969, 70;2, 37557, 30;3, 37999, 64;
1787253102.723219866 0, 30867, 28;1, 25635, 19;2, 37557, 11;3, 38001, 26;
1787253105.838632035 0, 30867, 36;1, 25523, 29;2, 37557, 11;3, 38001, 39;
1787253109.001622125 0, 31379, 25;1, 25023, 12;2, 37557, 4;3, 35579, 32;
1787253112.334071294 0, 31699, 0;1, 23621, 18;2, 37557, 11;3, 20325, 7;
1787253115.458632232 0, 32147, 6;1, 23621, 5;2, 37557, 3;3, 20325, 0;
1787253118.664987742 0, 32147, 31;1, 23621, 9;2, 37557, 8;3, 20325, 15;
1787253122.075835680 0, 32403, 88;1, 23621, 66;2, 37557, 53;3, 20325, 94;
1787253124.573706501 0, 32403, 31;1, 23621, 24;2, 37557, 15;3, 20325, 20;
1787253127.598141263 0, 32403, 34;1, 23621, 11;2, 37557, 5;3, 20325, 2;
1787253130.948283330 0, 32403, 23;1, 23627, 10;2, 37653, 37;3, 20337, 17;
1787253134.066348511 0, 32403, 24;1, 23685, 9;2, 37653, 12;3, 20389, 28;
1787253137.413665084 0, 32403, 35;1, 23685, 8;2, 37653, 8;3, 20389, 17;
1787253140.768713731 0, 32403, 22;1, 23685, 14;2, 37653, 10;3, 20389, 12;
1787253144.107477883 0, 32403, 83;1, 23053, 86;2, 37093, 48;3, 20389, 82;
1787253146.626616016 0, 32403, 15;1, 14755, 12;2, 21425, 8;3, 20391, 11;
1787253149.648398587 0, 32403, 6;1, 14757, 10;2, 21569, 4;3, 20391, 16;
1787253153.172956601 0, 32583, 0;1, 14757, 86;2, 21569, 12;3, 20391, 12;
1787253156.152998490 0, 32845, 0;1, 14757, 6;2, 21569, 4;3, 20391, 6;
1787253159.557881808 0, 34505, 0;1, 14757, 13;2, 21569, 12;3, 20391, 14;
1787253162.575232777 0, 34633, 6;1, 14757, 0;2, 21705, 0;3, 20391, 22;
1787253165.830700103 0, 34633, 20;1, 14757, 9;2, 21823, 9;3, 20391, 8;
1787253169.101326959 0, 34633, 17;1, 14757, 13;2, 21947, 17;3, 20391, 8;
1787253172.402037586 0, 34895, 72;1, 29745, 30;2, 22229, 36;3, 20673, 55;
1787253174.885782241 0, 34633, 8;1, 32525, 48;2, 21947, 12;3, 20391, 10;
1787253177.995939026 0, 34633, 17;1, 32563, 17;2, 21947, 10;3, 20391, 25;
1787253181.384758875 0, 33225, 13;1, 32563, 20;2, 21947, 7;3, 20391, 31;
1787253184.714667913 0, 32713, 76;1, 32563, 71;2, 21947, 38;3, 20391, 32;
1787253187.180797775 0, 35489, 17;1, 29653, 17;2, 24723, 0;3, 17483, 20;
1787253189.996614875 0, 33057, 0;1, 29653, 16;2, 24723, 0;3, 17483, 0;
