1787288435.901122031 0, 37193, 0;1, 31021, 0;2, 20125, 1;3, 10721, 0;
1787288439.007161554 0, 37957, 21;1, 31127, 8;2, 20767, 15;3, 10721, 0;
1787288442.880803974 0, 37957, 65;1, 31309, 36;2, 20879, 45;3, 10721, 0;
1787288445.489439182 0, 37957, 7;1, 31463, 31;2, 21171, 15;3, 10721, 0;
1787288449.384332776 0, 38021, 39;1, 31575, 99;2, 21597, 58;3, 10721, 0;
1787288451.972805311 0, 38021, 98;1, 31575, 99;2, 21821, 69;3, 10721, 0;
1787288454.689296376 0, 38021, 12;1, 32027, 20;2, 22175, 13;3, 10721, 0;
1787288459.138880641 0, 38257, 100;1, 32139, 19;2, 22447, 2;3, 10721, 0;
1787288462.149010006 0, 39077, 57;1, 32139, 18;2, 22833, 20;3, 10721, 0;
1787288465.291838019 0, 39077, 0;1, 32363, 0;2, 23007, 25;3, 10721, 0;
1787288467.963423354 0, 39077, 98;1, 32475, 99;2, 23679, 91;3, 10721, 0;
1787288470.627489512 0, 41259, 18;1, 32475, 2;2, 23791, 14;3, 12919, 0;
1787288474.651741226 0, 41355, 17;1, 32631, 10;2, 24103, 0;3, 13221, 0;
1787288477.309716010 0, 41897, 99;1, 32743, 98;2, 24439, 99;3, 13541, 8;
1787288480.067501287 0, 41899, 25;1, 32743, 26;2, 24441, 15;3, 13543, 12;
1787288484.085844069 0, 41899, 47;1, 32855, 21;2, 24441, 66;3, 13543, 36;
1787288486.793868888 0, 41899, 15;1, 33063, 19;2, 24671, 26;3, 13543, 20;
1787288490.865669922 0, 40257, 63;1, 33063, 36;2, 22809, 73;3, 13543, 73;
1787288493.504618593 0, 40917, 3;1, 33063, 27;2, 22809, 5;3, 13543, 12;
1787288497.509769899 0, 41669, 83;1, 33063, 54;2, 22809, 71;3, 13543, 25;
1787288500.198310962 0, 41925, 98;1, 33063, 98;2, 22809, 45;3, 13543, 76;
1787288502.863048192 0, 41925, 67;1, 33063, 12;2, 22361, 8;3, 13543, 0;
1787288506.891872313 0, 42053, 80;1, 33063, 99;2, 22249, 55;3, 13543, 0;
1787288509.554745911 0, 42197, 12;1, 33063, 0;2, 21689, 0;3, 13541, 0;
1787288513.243384857 0, 43015, 0;1, 33235, 19;2, 21841, 0;3, 20689, 0;
1787288516.245516526 0, 43227, 15;1, 32839, 12;2, 21129, 4;3, 21401, 2;
1787288519.807965058 0, 43609, 7;1, 32839, 24;2, 21129, 4;3, 21451, 8;
1787288522.981018617 0, 43739, 18;1, 32839, 27;2, 20681, 9;3, 21477, 7;
1787288527.003137303 0, 43739, 66;1, 32839, 99;2, 20681, 50;3, 21477, 46;
1787288529.666362908 0, 43995, 17;1, 33039, 70;2, 20681, 0;3, 21477, 4;
1787288533.170457347 0, 43995, 44;1, 33039, 9;2, 20457, 0;3, 21477, 8;
1787288537.046930910 0, 43903, 3;1, 33039, 25;2, 20457, 8;3, 21359, 8;
1787288540.364356620 0, 43909, 0;1, 33039, 11;2, 20457, 13;3, 21111, 23;
1787288544.171280542 0, 42145, 30;1, 33039, 8;2, 20457, 4;3, 19293, 4;
1787288547.778029061 0, 36197, 15;1, 33039, 10;2, 20457, 7;3, 19293, 4;
1787288551.584416801 0, 36197, 50;1, 33039, 98;2, 20457, 56;3, 19525, 52;
1787288554.245430785 0, 36197, 24;1, 33039, 0;2, 20457, 4;3, 19545, 0;
1787288558.218282733 0, 36197, 32;1, 33039, 5;2, 20457, 5;3, 19669, 0;
1787288562.046202681 0, 36197, 85;1, 33039, 62;2, 20345, 54;3, 19813, 49;
1787288564.757125329 0, 36197, 33;1, 33039, 18;2, 20117, 0;3, 19813, 0;
1787288567.947970406 0, 35941, 0;1, 33039, 21;2, 20009, 0;3, 19813, 5;
1787288571.212999093 0, 35301, 15;1, 33151, 22;2, 20009, 7;3, 19957, 12;
1787288574.949064800 0, 34917, 24;1, 33375, 0;2, 20009, 3;3, 19957, 4;
1787288578.070402467 0, 34533, 12;1, 33487, 17;2, 19897, 7;3, 19957, 8;
1787288581.111783831 0, 32613, 81;1, 33599, 87;2, 19897, 58;3, 19957, 1;
1787288583.801355079 0, 32613, 12;1, 33599, 6;2, 19897, 0;3, 19957, 1;
1787288587.443345700 0, 31845, 6;1, 33599, 9;2, 19897, 7;3, 20069, 4;
1787288591.037318263 0, 30949, 30;1, 33599, 4;2, 19897, 12;3, 20069, 21;
1787288593.587831936 0, 30821, 8;1, 28915, 75;2, 19897, 7;3, 20069, 23;
1787288597.278597701 0, 30821, 65;1, 28915, 73;2, 19897, 24;3, 20069, 28;
1787288599.932636120 0, 30821, 10;1, 28915, 21;2, 19897, 11;3, 20069, 9;
1787288603.320503836 0, 30821, 12;1, 28915, 5;2, 19897, 7;3, 20069, 8;
1787288606.888470653 0, 30821, 15;1, 28915, 13;2, 19897, 16;3, 20069, 1;
1787288609.552332719 0, 30821, 7;1, 28917, 11;2, 19897, 0;3, 20069, 14;
1787288614.079197401 0, 30821, 13;1, 28917, 0;2, 19897, 4;3, 20069, 5;
1787288617.646427006 0, 30821, 27;1, 28917, 39;2, 19897, 16;3, 20069, 13;
1787288621.194657046 0, 30821, 7;1, 28917, 15;2, 19897, 7;3, 20069, 4;
1787288625.167113310 0, 30821, 81;1, 28917, 91;2, 19897, 50;3, 24673, 62;
1787288627.724425251 0, 30821, 12;1, 28917, 13;2, 19897, 7;3, 25299, 19;
1787288631.384717633 0, 30821, 68;1, 28917, 91;2, 19897, 53;3, 25299, 82;
1787288634.025134283 0, 30821, 12;1, 28917, 17;2, 19561, 0;3, 25529, 4;
1787288637.651086603 0, 30309, 0;1, 28343, 0;2, 19561, 0;3, 25529, 0;
1787288641.556382706 0, 30309, 0;1, 27797, 0;2, 19561, 0;3, 25641, 43;
1787288644.211656882 0, 30309, 0;1, 27797, 0;2, 19561, 0;3, 25865, 0;
1787288647.744980344 0, 30309, 0;1, 27797, 0;2, 19561, 0;3, 25865, 6;
1787288651.631116892 0, 30309, 0;1, 27797, 0;2, 19561, 0;3, 25979, 59;
1787288654.184787981 0, 30309, 0;1, 27797, 0;2, 19561, 0;3, 26091, 38;
1787288657.637453406 0, 30309, 9;1, 27797, 0;2, 19561, 10;3, 26091, 17;
1787288660.239716958 0, 30949, 0;1, 27797, 0;2, 21519, 51;3, 27575, 75;
1787288662.839246690 0, 31597, 18;1, 27797, 0;2, 21769, 18;3, 28299, 20;
1787288666.461707599 0, 31973, 86;1, 27797, 0;2, 22317, 73;3, 28847, 55;
1787288669.038459268 0, 31973, 31;1, 28165, 3;2, 22707, 0;3, 28849, 0;
1787288672.602850323 0, 32261, 0;1, 29947, 0;2, 24471, 26;3, 28849, 28;
1787288676.484313631 0, 33791, 0;1, 13493, 21;2, 25075, 43;3, 28479, 6;
1787288680.449670455 0, 35045, 28;1, 13495, 72;2, 25077, 97;3, 28401, 94;
1787288683.065822887 0, 35967, 0;1, 13495, 26;2, 25077, 22;3, 28401, 58;
1787288686.815200815 0, 36785, 15;1, 13495, 0;2, 24021, 17;3, 27217, 12;
1787288689.959615531 0, 36965, 0;1, 13495, 10;2, 22873, 35;3, 26197, 0;
1787288693.310456583 0, 37329, 55;1, 13495, 21;2, 22873, 29;3, 26197, 0;
1787288696.707838802 0, 37667, 0;1, 13495, 8;2, 22969, 11;3, 26197, 0;
1787288699.843684764 0, 39717, 68;1, 13495, 75;2, 23097, 64;3, 26197, 0;
1787288702.508629534 0, 40909, 0;1, 13495, 6;2, 23097, 8;3, 26197, 0;
1787288706.575965226 0, 41643, 0;1, 13495, 41;2, 23097, 22;3, 25763, 6;
1787288709.203313629 0, 43173, 100;1, 13559, 32;2, 23161, 29;3, 17295, 0;
1787288712.480292857 0, 43941, 32;1, 13561, 0;2, 23163, 33;3, 11849, 0;
1787288715.846254238 0, 44139, 64;1, 13995, 31;2, 23597, 52;3, 33475, 55;
1787288719.925440034 0, 43429, 73;1, 13561, 69;2, 23163, 94;3, 36023, 45;
1787288722.550500501 0, 43045, 23;1, 13561, 10;2, 23163, 21;3, 36025, 32;
1787288726.534296876 0, 43045, 16;1, 13625, 0;2, 23339, 30;3, 36025, 32;
1787288729.250941267 0, 42277, 0;1, 13661, 0;2, 23607, 8;3, 36099, 34;
1787288733.274118666 0, 41893, 83;1, 13689, 70;2, 24075, 74;3, 36355, 76;
1787288735.915764482 0, 41765, 95;1, 13689, 72;2, 24075, 84;3, 36355, 83;
1787288738.587507989 0, 41509, 24;1, 13689, 10;2, 24075, 25;3, 36355, 21;
1787288742.644137096 0, 40869, 82;1, 13689, 68;2, 24747, 42;3, 36499, 54;
1787288745.318673746 0, 40741, 94;1, 13689, 71;2, 24747, 69;3, 36499, 74;
1787288747.950675330 0, 40357, 80;1, 13689, 68;2, 24971, 71;3, 36499, 71;
1787288750.625540793 0, 39937, 6;1, 13689, 16;2, 24971, 33;3, 36499, 28;
1787288753.712171767 0, 39589, 20;1, 13689, 5;2, 24971, 8;3, 36577, 9;
1787288757.326955316 0, 38181, 69;1, 13689, 70;2, 24971, 97;3, 37141, 94;
1787288759.967038054 0, 36645, 6;1, 13689, 53;2, 24971, 18;3, 37447, 12;
1787288764.138867530 0, 36389, 1;1, 13689, 27;2, 24971, 25;3, 37941, 6;
1787288767.172466850 0, 36389, 13;1, 13689, 70;2, 24969, 6;3, 38559, 11;
1787288770.370016838 0, 36389, 9;1, 13689, 45;2, 24747, 15;3, 38899, 29;
1787288773.413593845 0, 36103, 2;1, 13689, 0;2, 24747, 21;3, 39463, 50;
1787288776.345284003 0, 35621, 8;1, 13689, 86;2, 24523, 21;3, 40545, 4;
1787288780.156798627 0, 33701, 81;1, 13689, 40;2, 23067, 40;3, 41161, 100;
1787288782.796607305 0, 32179, 0;1, 13689, 14;2, 23067, 1;3, 41657, 0;
1787288786.920986712 0, 30757, 0;1, 13689, 85;2, 23067, 19;3, 42057, 45;
1787288789.554671374 0, 30757, 0;1, 13689, 83;2, 23067, 21;3, 42505, 51;
1787288792.218604418 0, 30757, 0;1, 13689, 6;2, 23067, 4;3, 42841, 18;
1787288795.638348157 0, 37871, 0;1, 13861, 6;2, 23219, 0;3, 43237, 37;
1787288799.279882859 0, 38919, 76;1, 13689, 85;2, 23067, 30;3, 43065, 72;
1787288801.866280080 0, 38919, 4;1, 13689, 2;2, 23067, 0;3, 43065, 4;
1787288805.800834272 0, 37143, 9;1, 13689, 10;2, 21605, 2;3, 43065, 0;
1787288809.668249971 0, 20433, 8;1, 13689, 6;2, 15045, 0;3, 43065, 4;
1787288813.586308839 0, 20433, 8;1, 13689, 37;2, 15045, 3;3, 43065, 28;
1787288817.500159686 0, 20577, 49;1, 13689, 29;2, 15045, 55;3, 41769, 87;
1787288820.198122005 0, 20577, 0;1, 13689, 56;2, 15045, 4;3, 34455, 4;
1787288823.899569191 0, 20577, 54;1, 13689, 32;2, 15045, 59;3, 34455, 82;
1787288826.433274950 0, 20577, 7;1, 13689, 3;2, 15045, 17;3, 34455, 18;
1787288830.205472221 0, 20577, 11;1, 13689, 0;2, 15045, 7;3, 34455, 36;
1787288833.122066231 0, 20577, 60;1, 13689, 74;2, 15045, 25;3, 34791, 69;
1787288835.777223963 0, 20577, 8;1, 13689, 5;2, 15045, 51;3, 35015, 18;
1787288839.597536345 0, 20577, 13;1, 13689, 7;2, 15045, 0;3, 35015, 23;
1787288842.409282091 0, 20963, 30;1, 14087, 39;2, 33889, 55;3, 35413, 49;
1787288845.236576647 0, 20919, 12;1, 13955, 32;2, 34381, 4;3, 35281, 24;
1787288848.567269530 0, 20577, 4;1, 13689, 4;2, 35393, 10;3, 35015, 40;
1787288851.669789060 0, 20577, 14;1, 13689, 33;2, 37273, 77;3, 35015, 7;
1787288854.254962757 0, 20577, 62;1, 13689, 71;2, 38213, 100;3, 35015, 67;
1787288856.891986993 0, 20577, 0;1, 13689, 19;2, 38599, 0;3, 35015, 8;
1787288860.621696193 0, 20577, 0;1, 13689, 0;2, 38599, 12;3, 34893, 0;
1787288864.293000214 0, 20577, 4;1, 13689, 0;2, 38599, 18;3, 34791, 12;
1787288868.002108496 0, 20577, 54;1, 13689, 73;2, 38599, 84;3, 33783, 12;
1787288870.619311681 0, 20577, 0;1, 13689, 0;2, 38537, 3;3, 32999, 5;
1787288874.567865293 0, 20577, 0;1, 13689, 72;2, 38471, 68;3, 32537, 60;
1787288877.222682278 0, 20577, 0;1, 13689, 11;2, 38471, 0;3, 30393, 0;
1787288881.155544031 0, 20577, 0;1, 13689, 0;2, 38343, 12;3, 29975, 0;
