1787354409.067345547 0, 33468, 0;1, 33482, 0;2, 0, 0;3, 0, 0;
1787354411.773386106 0, 33924, 3;1, 34152, 23;2, 0, 0;3, 0, 0;
1787354414.118046592 0, 34002, 31;1, 34928, 25;2, 0, 0;3, 0, 0;
1787354416.445995162 0, 34324, 23;1, 35606, 37;2, 0, 0;3, 0, 0;
1787354419.069382439 0, 34416, 30;1, 37718, 9;2, 0, 0;3, 0, 0;
1787354421.995835491 0, 34718, 26;1, 39216, 57;2, 0, 0;3, 0, 0;
1787354424.393963273 0, 34846, 29;1, 39560, 57;2, 0, 0;3, 0, 0;
1787354426.871799020 0, 34910, 40;1, 40384, 87;2, 0, 0;3, 0, 0;
1787354429.322200580 0, 34910, 28;1, 40610, 50;2, 0, 0;3, 0, 0;
1787354431.716475231 0, 34910, 21;1, 41044, 51;2, 0, 0;3, 0, 0;
1787354434.129361500 0, 34910, 29;1, 41716, 39;2, 0, 0;3, 0, 0;
1787354436.566719950 0, 35028, 39;1, 42096, 33;2, 0, 0;3, 0, 0;
1787354439.015005372 0, 35028, 32;1, 42320, 43;2, 0, 0;3, 0, 0;
1787354441.381751283 0, 35028, 18;1, 42878, 38;2, 0, 0;3, 0, 0;
1787354443.812228470 0, 35028, 33;1, 43418, 55;2, 0, 0;3, 0, 0;
1787354446.214168623 0, 35120, 21;1, 44226, 24;2, 0, 0;3, 0, 0;
1787354448.668931399 0, 35120, 36;1, 45154, 25;2, 0, 0;3, 0, 0;
1787354451.086596367 0, 35120, 19;1, 45850, 19;2, 0, 0;3, 0, 0;
1787354453.589801914 0, 35120, 20;1, 46438, 28;2, 0, 0;3, 0, 0;
1787354456.356862070 0, 35952, 20;1, 47540, 40;2, 0, 0;3, 0, 0;
1787354458.965041089 0, 37182, 28;1, 48100, 60;2, 0, 0;3, 0, 0;
1787354461.741886915 0, 38088, 21;1, 48180, 62;2, 0, 0;3, 0, 0;
1787354464.408118826 0, 39716, 93;1, 48180, 35;2, 0, 0;3, 0, 0;
1787354467.127827504 0, 41002, 8;1, 48180, 45;2, 0, 0;3, 0, 0;
1787354469.691244504 0, 42028, 9;1, 48180, 47;2, 0, 0;3, 0, 0;
1787354472.338805572 0, 42946, 7;1, 48180, 30;2, 0, 0;3, 0, 0;
1787354474.889868788 0, 43948, 11;1, 48180, 26;2, 0, 0;3, 0, 0;
1787354477.605347521 0, 45100, 11;1, 48180, 37;2, 0, 0;3, 0, 0;
1787354480.199958931 0, 45356, 9;1, 48180, 35;2, 0, 0;3, 0, 0;
1787354482.898756257 0, 46534, 16;1, 48180, 31;2, 0, 0;3, 0, 0;
1787354485.681473258 0, 47620, 11;1, 48180, 35;2, 0, 0;3, 0, 0;
1787354488.537557697 0, 48654, 9;1, 48180, 43;2, 0, 0;3, 0, 0;
1787354491.243740885 0, 49928, 44;1, 47732, 15;2, 0, 0;3, 0, 0;
1787354493.953474089 0, 50518, 11;1, 47732, 39;2, 0, 0;3, 0, 0;
1787354497.290942457 0, 51258, 8;1, 47732, 43;2, 0, 0;3, 0, 0;
1787354500.943116382 0, 52792, 12;1, 47732, 44;2, 0, 0;3, 0, 0;
1787354503.588968905 0, 53992, 12;1, 47172, 32;2, 0, 0;3, 0, 0;
1787354506.203611365 0, 54816, 15;1, 46794, 29;2, 0, 0;3, 0, 0;
1787354508.879577412 0, 53822, 68;1, 46282, 17;2, 0, 0;3, 0, 0;
1787354511.433739629 0, 53822, 60;1, 45940, 31;2, 0, 0;3, 0, 0;
1787354514.012175706 0, 53824, 47;1, 45604, 36;2, 0, 0;3, 0, 0;
1787354516.644413284 0, 53434, 30;1, 45492, 53;2, 0, 0;3, 0, 0;
1787354519.227354643 0, 53056, 26;1, 45492, 54;2, 0, 0;3, 0, 0;
1787354521.892516525 0, 53072, 49;1, 45380, 42;2, 0, 0;3, 0, 0;
1787354524.437789481 0, 53072, 30;1, 45268, 46;2, 0, 0;3, 0, 0;
1787354527.165091375 0, 53088, 47;1, 45268, 59;2, 0, 0;3, 0, 0;
1787354529.834825808 0, 53088, 41;1, 45156, 46;2, 0, 0;3, 0, 0;
1787354532.394116827 0, 53376, 40;1, 44932, 32;2, 0, 0;3, 0, 0;
1787354534.954362541 0, 52910, 15;1, 45266, 23;2, 0, 0;3, 0, 0;
1787354537.520805572 0, 52740, 14;1, 44784, 38;2, 0, 0;3, 0, 0;
1787354540.115797824 0, 53122, 74;1, 42408, 52;2, 0, 0;3, 0, 0;
1787354542.727179508 0, 53410, 69;1, 42556, 32;2, 0, 0;3, 0, 0;
1787354545.360838807 0, 53410, 44;1, 42892, 52;2, 0, 0;3, 0, 0;
1787354548.005657539 0, 53348, 57;1, 42892, 38;2, 0, 0;3, 0, 0;
1787354550.534425144 0, 53220, 51;1, 43340, 15;2, 0, 0;3, 0, 0;
1787354553.166563629 0, 53364, 50;1, 43900, 22;2, 0, 0;3, 0, 0;
1787354555.752923412 0, 53364, 39;1, 44572, 10;2, 0, 0;3, 0, 0;
1787354558.399252032 0, 53236, 34;1, 45020, 12;2, 0, 0;3, 0, 0;
1787354561.056487942 0, 53236, 31;1, 45020, 40;2, 0, 0;3, 0, 0;
1787354563.659181174 0, 53108, 24;1, 45020, 54;2, 0, 0;3, 0, 0;
1787354566.279989571 0, 53108, 52;1, 44908, 27;2, 0, 0;3, 0, 0;
1787354568.878725913 0, 53108, 35;1, 43334, 43;2, 0, 0;3, 0, 0;
1787354571.441182383 0, 52980, 55;1, 43222, 60;2, 0, 0;3, 0, 0;
1787354574.370807420 0, 52374, 16;1, 43222, 33;2, 0, 0;3, 0, 0;
1787354577.623883876 0, 51588, 17;1, 43222, 15;2, 0, 0;3, 0, 0;
1787354580.351347773 0, 49780, 44;1, 43334, 44;2, 0, 0;3, 0, 0;
1787354583.017347052 0, 49524, 34;1, 43334, 78;2, 0, 0;3, 0, 0;
1787354585.667008098 0, 49396, 66;1, 43334, 43;2, 0, 0;3, 0, 0;
1787354588.301155868 0, 49144, 25;1, 43446, 35;2, 0, 0;3, 0, 0;
1787354590.826457296 0, 49140, 47;1, 43670, 11;2, 0, 0;3, 0, 0;
1787354593.337672808 0, 48626, 40;1, 43894, 7;2, 0, 0;3, 0, 0;
1787354595.876294404 0, 52518, 34;1, 44006, 31;2, 0, 0;3, 0, 0;
1787354598.557843893 0, 52574, 24;1, 44006, 17;2, 0, 0;3, 0, 0;
1787354601.128970370 0, 52182, 33;1, 44006, 49;2, 0, 0;3, 0, 0;
1787354603.578000016 0, 51272, 36;1, 43894, 43;2, 0, 0;3, 0, 0;
1787354606.128265136 0, 50120, 78;1, 43782, 45;2, 0, 0;3, 0, 0;
1787354608.553628304 0, 48938, 18;1, 43334, 8;2, 0, 0;3, 0, 0;
1787354611.183836758 0, 47512, 9;1, 43334, 14;2, 0, 0;3, 0, 0;
1787354613.635938124 0, 46952, 49;1, 42902, 0;2, 0, 0;3, 0, 0;
1787354616.180929012 0, 47160, 44;1, 36838, 0;2, 0, 0;3, 0, 0;
1787354618.633066218 0, 47500, 51;1, 36838, 0;2, 0, 0;3, 0, 0;
1787354621.088096494 0, 46486, 33;1, 36838, 0;2, 0, 0;3, 0, 0;
1787354623.493727742 0, 46004, 36;1, 36838, 0;2, 0, 0;3, 0, 0;
1787354625.876197326 0, 46116, 40;1, 36838, 0;2, 0, 0;3, 0, 0;
1787354628.355141909 0, 46780, 23;1, 36838, 0;2, 0, 0;3, 0, 0;
1787354630.784813684 0, 47614, 42;1, 36838, 13;2, 0, 0;3, 0, 0;
1787354633.235098582 0, 48610, 33;1, 36838, 7;2, 0, 0;3, 0, 0;
1787354635.666962262 0, 50040, 67;1, 40116, 25;2, 0, 0;3, 0, 0;
1787354638.151947877 0, 51096, 32;1, 40736, 24;2, 0, 0;3, 0, 0;
1787354640.639666172 0, 51178, 11;1, 40782, 8;2, 0, 0;3, 0, 0;
1787354643.213331026 0, 52444, 8;1, 40782, 29;2, 0, 0;3, 0, 0;
1787354645.714380839 0, 54794, 6;1, 37780, 24;2, 0, 0;3, 0, 0;
1787354648.206009821 0, 54776, 0;1, 37780, 13;2, 0, 0;3, 0, 0;
1787354651.643379454 0, 54630, 0;1, 37780, 17;2, 0, 0;3, 0, 0;
1787354655.329800330 0, 57012, 0;1, 37780, 16;2, 0, 0;3, 0, 0;
1787354658.042979089 0, 59162, 0;1, 37892, 21;2, 0, 0;3, 0, 0;
1787354660.647812851 0, 61130, 0;1, 38006, 23;2, 0, 0;3, 0, 0;
1787354663.224923936 0, 62652, 0;1, 38006, 27;2, 0, 0;3, 0, 0;
1787354665.810040040 0, 62780, 100;1, 38006, 32;2, 0, 0;3, 0, 0;
1787354668.361390472 0, 62780, 42;1, 38006, 19;2, 0, 0;3, 0, 0;
1787354670.926145633 0, 62780, 23;1, 38006, 31;2, 0, 0;3, 0, 0;
1787354673.561882701 0, 62524, 34;1, 37894, 18;2, 0, 0;3, 0, 0;
1787354676.140577295 0, 62524, 41;1, 37894, 24;2, 0, 0;3, 0, 0;
1787354678.659265281 0, 62524, 34;1, 37894, 11;2, 0, 0;3, 0, 0;
1787354681.226457038 0, 56632, 0;1, 37894, 18;2, 0, 0;3, 0, 0;
1787354683.748226036 0, 57016, 0;1, 37894, 25;2, 0, 0;3, 0, 0;
1787354686.338911076 0, 57338, 59;1, 41444, 20;2, 0, 0;3, 0, 0;
1787354688.943756231 0, 57528, 35;1, 43568, 39;2, 0, 0;3, 0, 0;
1787354691.499103607 0, 58578, 65;1, 58816, 69;2, 0, 0;3, 0, 0;
1787354693.910517531 0, 58040, 23;1, 61038, 19;2, 0, 0;3, 0, 0;
1787354696.537276928 0, 58040, 53;1, 61584, 51;2, 0, 0;3, 0, 0;
1787354699.123421132 0, 58040, 42;1, 62432, 35;2, 0, 0;3, 0, 0;
1787354701.682948947 0, 58040, 32;1, 63056, 51;2, 0, 0;3, 0, 0;
1787354704.244322275 0, 58040, 37;1, 63344, 44;2, 0, 0;3, 0, 0;
1787354706.853032265 0, 58040, 44;1, 63408, 48;2, 0, 0;3, 0, 0;
1787354709.388739091 0, 58040, 19;1, 63912, 41;2, 0, 0;3, 0, 0;
1787354711.987457635 0, 58040, 47;1, 64452, 51;2, 0, 0;3, 0, 0;
1787354714.703770113 0, 57048, 0;1, 64926, 33;2, 0, 0;3, 0, 0;
1787354717.373552915 0, 56514, 31;1, 65160, 25;2, 0, 0;3, 0, 0;
1787354720.019681890 0, 55608, 0;1, 65512, 25;2, 0, 0;3, 0, 0;
1787354722.547364903 0, 53176, 0;1, 66416, 49;2, 0, 0;3, 0, 0;
1787354725.146881371 0, 50802, 0;1, 68550, 29;2, 0, 0;3, 0, 0;
1787354728.491545680 0, 49976, 0;1, 70038, 31;2, 0, 0;3, 0, 0;
1787354732.312029008 0, 49080, 0;1, 70884, 51;2, 0, 0;3, 0, 0;
1787354734.811842171 0, 46648, 19;1, 72370, 56;2, 0, 0;3, 0, 0;
1787354737.427156293 0, 43192, 20;1, 72724, 54;2, 0, 0;3, 0, 0;
1787354740.063173289 0, 41856, 7;1, 73456, 28;2, 0, 0;3, 0, 0;
1787354742.581621449 0, 40120, 0;1, 74658, 44;2, 0, 0;3, 0, 0;
1787354745.151219829 0, 39608, 23;1, 75270, 70;2, 0, 0;3, 0, 0;
1787354747.644039079 0, 38712, 0;1, 75850, 100;2, 0, 0;3, 0, 0;
1787354750.287225445 0, 38712, 0;1, 76410, 60;2, 0, 0;3, 0, 0;
1787354752.779942983 0, 38712, 0;1, 75962, 89;2, 0, 0;3, 0, 0;
1787354755.335281395 0, 38712, 0;1, 74752, 100;2, 0, 0;3, 0, 0;
1787354758.066196112 0, 38712, 0;1, 74568, 15;2, 0, 0;3, 0, 0;
1787354760.611950504 0, 38712, 0;1, 70762, 38;2, 0, 0;3, 0, 0;
1787354763.192992076 0, 38712, 0;1, 71386, 23;2, 0, 0;3, 0, 0;
1787354765.719815984 0, 38712, 0;1, 71418, 53;2, 0, 0;3, 0, 0;
1787354768.296215240 0, 38712, 0;1, 71856, 64;2, 0, 0;3, 0, 0;
1787354770.714169988 0, 38712, 0;1, 71722, 100;2, 0, 0;3, 0, 0;
1787354773.201048358 0, 38712, 0;1, 71722, 65;2, 0, 0;3, 0, 0;
1787354775.819757316 0, 38712, 0;1, 71722, 66;2, 0, 0;3, 0, 0;
1787354778.286830718 0, 38590, 0;1, 71376, 55;2, 0, 0;3, 0, 0;
1787354780.859357042 0, 34138, 0;1, 67972, 67;2, 0, 0;3, 0, 0;
1787354783.349104662 0, 34138, 0;1, 68084, 61;2, 0, 0;3, 0, 0;
1787354785.801568723 0, 34138, 0;1, 68188, 7;2, 0, 0;3, 0, 0;
1787354788.319110418 0, 34138, 0;1, 67988, 99;2, 0, 0;3, 0, 0;
1787354790.819401274 0, 34138, 0;1, 68178, 65;2, 0, 0;3, 0, 0;
1787354793.356706385 0, 34138, 0;1, 68436, 71;2, 0, 0;3, 0, 0;
1787354795.819737275 0, 34138, 0;1, 68548, 48;2, 0, 0;3, 0, 0;
1787354798.248736409 0, 34138, 0;1, 68772, 76;2, 0, 0;3, 0, 0;
1787354800.679667838 0, 34138, 0;1, 68884, 61;2, 0, 0;3, 0, 0;
1787354803.101425129 0, 34138, 0;1, 68960, 25;2, 0, 0;3, 0, 0;
1787354806.313584763 0, 34138, 0;1, 69138, 8;2, 0, 0;3, 0, 0;
1787354809.853263710 0, 37666, 45;1, 69580, 99;2, 0, 0;3, 0, 0;
1787354812.222915201 0, 54366, 77;1, 69862, 81;2, 0, 0;3, 0, 0;
1787354814.556136412 0, 57026, 7;1, 69670, 30;2, 0, 0;3, 0, 0;
1787354817.028231654 0, 57284, 46;1, 69782, 39;2, 0, 0;3, 0, 0;
1787354819.597500668 0, 57396, 31;1, 69894, 60;2, 0, 0;3, 0, 0;
1787354822.203351074 0, 57764, 38;1, 70120, 74;2, 0, 0;3, 0, 0;
1787354824.861626008 0, 58148, 37;1, 70120, 69;2, 0, 0;3, 0, 0;
1787354827.501253862 0, 58148, 26;1, 70264, 52;2, 0, 0;3, 0, 0;
1787354830.077684687 0, 58388, 37;1, 70488, 26;2, 0, 0;3, 0, 0;
1787354832.651432561 0, 58516, 22;1, 70712, 30;2, 0, 0;3, 0, 0;
1787354835.222336635 0, 58516, 40;1, 70824, 20;2, 0, 0;3, 0, 0;
1787354837.713996778 0, 58516, 43;1, 70824, 73;2, 0, 0;3, 0, 0;
1787354840.320074571 0, 58516, 45;1, 70824, 50;2, 0, 0;3, 0, 0;
1787354842.971647542 0, 58516, 28;1, 70720, 11;2, 0, 0;3, 0, 0;
1787354845.769782972 0, 58516, 23;1, 70856, 39;2, 0, 0;3, 0, 0;
1787354848.325231057 0, 57108, 0;1, 71192, 28;2, 0, 0;3, 0, 0;
1787354851.030709367 0, 57108, 0;1, 70728, 70;2, 0, 0;3, 0, 0;
1787354853.871343131 0, 57108, 0;1, 70840, 19;2, 0, 0;3, 0, 0;
1787354856.712666249 0, 57108, 0;1, 70840, 44;2, 0, 0;3, 0, 0;
1787354859.465294838 0, 57108, 0;1, 70840, 41;2, 0, 0;3, 0, 0;
1787354862.143413793 0, 57108, 0;1, 70840, 48;2, 0, 0;3, 0, 0;
1787354864.865973967 0, 57108, 0;1, 70840, 23;2, 0, 0;3, 0, 0;
1787354867.603406672 0, 57108, 0;1, 70840, 38;2, 0, 0;3, 0, 0;
1787354870.295848021 0, 57108, 0;1, 70840, 25;2, 0, 0;3, 0, 0;
1787354872.954646671 0, 57108, 0;1, 70840, 25;2, 0, 0;3, 0, 0;
1787354875.789207955 0, 57108, 0;1, 69312, 0;2, 0, 0;3, 0, 0;
1787354878.531029250 0, 57108, 0;1, 65162, 0;2, 0, 0;3, 0, 0;
1787354881.220489446 0, 57108, 0;1, 63156, 0;2, 0, 0;3, 0, 0;
1787354884.626692575 0, 55896, 1;1, 61510, 1;2, 0, 0;3, 0, 0;
