1787155823.253474988 0, 35336, 0;1, 35350, 0;2, 0, 0;3, 0, 0;
1787155825.697691621 0, 35808, 33;1, 35786, 12;2, 0, 0;3, 0, 0;
1787155828.004365590 0, 35810, 65;1, 35820, 61;2, 0, 0;3, 0, 0;
1787155830.304370597 0, 36000, 64;1, 35860, 61;2, 0, 0;3, 0, 0;
1787155832.603793488 0, 36122, 63;1, 36354, 48;2, 0, 0;3, 0, 0;
1787155834.885451317 0, 36152, 55;1, 36354, 61;2, 0, 0;3, 0, 0;
1787155837.199856159 0, 41410, 73;1, 36586, 55;2, 0, 0;3, 0, 0;
1787155839.527918787 0, 42110, 46;1, 36360, 40;2, 0, 0;3, 0, 0;
1787155841.763189198 0, 42238, 71;1, 36746, 53;2, 0, 0;3, 0, 0;
1787155844.015136727 0, 42732, 52;1, 36858, 48;2, 0, 0;3, 0, 0;
1787155846.320603577 0, 42860, 52;1, 37280, 76;2, 0, 0;3, 0, 0;
1787155848.694892842 0, 43148, 43;1, 37266, 37;2, 0, 0;3, 0, 0;
1787155851.101321870 0, 43584, 48;1, 32350, 41;2, 0, 0;3, 0, 0;
1787155853.458377088 0, 43712, 54;1, 32432, 37;2, 0, 0;3, 0, 0;
1787155855.864295674 0, 43740, 65;1, 32432, 30;2, 0, 0;3, 0, 0;
1787155858.276230189 0, 43740, 64;1, 32432, 69;2, 0, 0;3, 0, 0;
1787155860.576843010 0, 43740, 76;1, 32432, 48;2, 0, 0;3, 0, 0;
1787155862.943285393 0, 43830, 74;1, 32432, 37;2, 0, 0;3, 0, 0;
1787155865.308281499 0, 43942, 59;1, 32686, 44;2, 0, 0;3, 0, 0;
1787155867.659238656 0, 43942, 61;1, 32686, 54;2, 0, 0;3, 0, 0;
1787155870.021016878 0, 43942, 96;1, 32686, 64;2, 0, 0;3, 0, 0;
1787155872.330171365 0, 44262, 84;1, 39462, 71;2, 0, 0;3, 0, 0;
1787155874.648535215 0, 43942, 43;1, 41212, 45;2, 0, 0;3, 0, 0;
1787155877.020386808 0, 43942, 75;1, 41248, 67;2, 0, 0;3, 0, 0;
1787155879.321246040 0, 44362, 72;1, 41136, 45;2, 0, 0;3, 0, 0;
1787155881.748148530 0, 44706, 69;1, 41178, 50;2, 0, 0;3, 0, 0;
1787155884.150367262 0, 44874, 35;1, 41178, 61;2, 0, 0;3, 0, 0;
1787155886.480730852 0, 36258, 68;1, 41178, 86;2, 0, 0;3, 0, 0;
1787155888.790226467 0, 36258, 67;1, 41180, 58;2, 0, 0;3, 0, 0;
1787155891.152902555 0, 36258, 73;1, 41180, 69;2, 0, 0;3, 0, 0;
1787155893.541104189 0, 36258, 45;1, 41224, 53;2, 0, 0;3, 0, 0;
1787155895.964516120 0, 36424, 38;1, 41224, 41;2, 0, 0;3, 0, 0;
1787155898.732855842 0, 36468, 72;1, 41448, 60;2, 0, 0;3, 0, 0;
1787155901.163114048 0, 36468, 43;1, 41448, 70;2, 0, 0;3, 0, 0;
1787155903.764362826 0, 36468, 48;1, 41592, 100;2, 0, 0;3, 0, 0;
1787155906.069429204 0, 36340, 65;1, 41592, 46;2, 0, 0;3, 0, 0;
1787155908.377519309 0, 44554, 32;1, 41592, 50;2, 0, 0;3, 0, 0;
1787155910.681166833 0, 44778, 78;1, 41592, 74;2, 0, 0;3, 0, 0;
1787155912.987157983 0, 44780, 66;1, 41592, 46;2, 0, 0;3, 0, 0;
1787155915.306281489 0, 44850, 50;1, 41592, 76;2, 0, 0;3, 0, 0;
1787155917.644268416 0, 44994, 74;1, 41592, 75;2, 0, 0;3, 0, 0;
1787155920.054118364 0, 44738, 62;1, 41592, 79;2, 0, 0;3, 0, 0;
1787155922.424791659 0, 44738, 70;1, 35574, 49;2, 0, 0;3, 0, 0;
1787155924.763726437 0, 44738, 71;1, 32756, 55;2, 0, 0;3, 0, 0;
1787155927.088293556 0, 44738, 94;1, 32644, 32;2, 0, 0;3, 0, 0;
1787155929.447139950 0, 44738, 47;1, 32532, 34;2, 0, 0;3, 0, 0;
1787155931.810271493 0, 44996, 49;1, 32532, 54;2, 0, 0;3, 0, 0;
1787155934.122739500 0, 44996, 66;1, 32532, 32;2, 0, 0;3, 0, 0;
1787155936.462282547 0, 44996, 78;1, 32532, 44;2, 0, 0;3, 0, 0;
1787155938.815999461 0, 45270, 35;1, 36090, 37;2, 0, 0;3, 0, 0;
1787155941.222757998 0, 44996, 68;1, 36348, 57;2, 0, 0;3, 0, 0;
1787155943.535258610 0, 44822, 49;1, 36348, 32;2, 0, 0;3, 0, 0;
1787155945.869019766 0, 41014, 74;1, 36348, 55;2, 0, 0;3, 0, 0;
1787155948.248223537 0, 41014, 61;1, 36366, 58;2, 0, 0;3, 0, 0;
1787155950.589826757 0, 41014, 52;1, 36366, 66;2, 0, 0;3, 0, 0;
1787155952.904937235 0, 41014, 36;1, 36392, 56;2, 0, 0;3, 0, 0;
1787155955.183810161 0, 41014, 54;1, 36282, 68;2, 0, 0;3, 0, 0;
1787155957.419775080 0, 41014, 100;1, 36434, 80;2, 0, 0;3, 0, 0;
1787155959.687474851 0, 41014, 100;1, 36434, 28;2, 0, 0;3, 0, 0;
1787155961.981567102 0, 41014, 61;1, 36434, 40;2, 0, 0;3, 0, 0;
1787155964.273596003 0, 41014, 46;1, 36498, 64;2, 0, 0;3, 0, 0;
1787155966.587343269 0, 41014, 68;1, 36498, 41;2, 0, 0;3, 0, 0;
1787155968.857961286 0, 41014, 56;1, 36498, 50;2, 0, 0;3, 0, 0;
1787155971.134459362 0, 41334, 48;1, 44192, 66;2, 0, 0;3, 0, 0;
1787155973.642812835 0, 41014, 60;1, 44954, 48;2, 0, 0;3, 0, 0;
1787155976.566906405 0, 41014, 62;1, 45158, 54;2, 0, 0;3, 0, 0;
1787155979.051223963 0, 41014, 74;1, 45306, 86;2, 0, 0;3, 0, 0;
1787155981.369336223 0, 40886, 58;1, 45738, 47;2, 0, 0;3, 0, 0;
1787155983.732606280 0, 40886, 60;1, 45778, 68;2, 0, 0;3, 0, 0;
1787155986.012482979 0, 40758, 59;1, 46034, 64;2, 0, 0;3, 0, 0;
1787155988.354167782 0, 35336, 46;1, 46034, 58;2, 0, 0;3, 0, 0;
1787155990.703843245 0, 31958, 68;1, 46146, 53;2, 0, 0;3, 0, 0;
1787155993.093225370 0, 31958, 61;1, 46146, 58;2, 0, 0;3, 0, 0;
1787155995.417304985 0, 31958, 55;1, 46146, 52;2, 0, 0;3, 0, 0;
1787155997.800816931 0, 31830, 63;1, 46146, 63;2, 0, 0;3, 0, 0;
1787156000.193225249 0, 31830, 42;1, 46146, 39;2, 0, 0;3, 0, 0;
1787156002.575919830 0, 31830, 41;1, 46146, 65;2, 0, 0;3, 0, 0;
1787156004.947752624 0, 46454, 61;1, 46684, 71;2, 0, 0;3, 0, 0;
1787156007.464658994 0, 48270, 71;1, 46146, 43;2, 0, 0;3, 0, 0;
1787156009.866767775 0, 48326, 41;1, 46146, 61;2, 0, 0;3, 0, 0;
1787156012.221556101 0, 48802, 55;1, 46146, 50;2, 0, 0;3, 0, 0;
1787156014.536575552 0, 48802, 67;1, 46146, 50;2, 0, 0;3, 0, 0;
1787156016.820759695 0, 48914, 90;1, 46214, 51;2, 0, 0;3, 0, 0;
1787156019.132081717 0, 48914, 71;1, 45878, 64;2, 0, 0;3, 0, 0;
1787156021.437386536 0, 48914, 74;1, 45878, 65;2, 0, 0;3, 0, 0;
1787156023.761510987 0, 49266, 47;1, 45878, 51;2, 0, 0;3, 0, 0;
1787156026.107125083 0, 49266, 72;1, 28736, 59;2, 0, 0;3, 0, 0;
1787156028.465170453 0, 49266, 78;1, 28842, 62;2, 0, 0;3, 0, 0;
1787156030.822652476 0, 49266, 51;1, 28842, 62;2, 0, 0;3, 0, 0;
1787156033.136722719 0, 49436, 100;1, 28842, 70;2, 0, 0;3, 0, 0;
1787156035.504220208 0, 49436, 69;1, 38004, 34;2, 0, 0;3, 0, 0;
1787156037.838558426 0, 49436, 66;1, 45178, 51;2, 0, 0;3, 0, 0;
1787156040.254806860 0, 49436, 68;1, 45240, 45;2, 0, 0;3, 0, 0;
1787156042.596266211 0, 49436, 69;1, 45266, 57;2, 0, 0;3, 0, 0;
1787156044.954649683 0, 49436, 79;1, 45444, 56;2, 0, 0;3, 0, 0;
1787156047.315908430 0, 49436, 60;1, 45562, 61;2, 0, 0;3, 0, 0;
1787156049.653323506 0, 49436, 57;1, 45562, 54;2, 0, 0;3, 0, 0;
1787156052.323604100 0, 48276, 46;1, 45562, 46;2, 0, 0;3, 0, 0;
1787156055.329176698 0, 31958, 74;1, 45562, 57;2, 0, 0;3, 0, 0;
1787156057.744977522 0, 31958, 30;1, 45564, 81;2, 0, 0;3, 0, 0;
1787156060.050733668 0, 31958, 58;1, 45564, 47;2, 0, 0;3, 0, 0;
1787156062.375679647 0, 31830, 32;1, 45564, 65;2, 0, 0;3, 0, 0;
1787156064.716532364 0, 31574, 59;1, 45564, 69;2, 0, 0;3, 0, 0;
1787156067.109222496 0, 31574, 41;1, 45564, 68;2, 0, 0;3, 0, 0;
1787156069.420217558 0, 31574, 52;1, 45564, 47;2, 0, 0;3, 0, 0;
1787156071.741758504 0, 35260, 65;1, 45564, 66;2, 0, 0;3, 0, 0;
1787156074.052452611 0, 35262, 66;1, 45676, 46;2, 0, 0;3, 0, 0;
1787156076.427504206 0, 35262, 58;1, 45676, 83;2, 0, 0;3, 0, 0;
1787156078.729736720 0, 35262, 46;1, 45276, 55;2, 0, 0;3, 0, 0;
1787156081.021779405 0, 35262, 74;1, 41802, 44;2, 0, 0;3, 0, 0;
1787156083.398883741 0, 35262, 59;1, 41802, 80;2, 0, 0;3, 0, 0;
1787156085.764420627 0, 35262, 53;1, 41802, 48;2, 0, 0;3, 0, 0;
1787156088.156322983 0, 35262, 64;1, 41802, 41;2, 0, 0;3, 0, 0;
1787156090.477920989 0, 35262, 76;1, 41802, 57;2, 0, 0;3, 0, 0;
1787156092.800201019 0, 35262, 52;1, 41802, 72;2, 0, 0;3, 0, 0;
1787156095.180104130 0, 35478, 64;1, 42064, 71;2, 0, 0;3, 0, 0;
1787156097.622184789 0, 35478, 48;1, 42290, 64;2, 0, 0;3, 0, 0;
1787156100.011117635 0, 35478, 58;1, 42290, 75;2, 0, 0;3, 0, 0;
1787156102.403772288 0, 35478, 45;1, 42402, 60;2, 0, 0;3, 0, 0;
1787156104.707962461 0, 35478, 65;1, 42402, 67;2, 0, 0;3, 0, 0;
1787156107.005289520 0, 43830, 74;1, 42402, 66;2, 0, 0;3, 0, 0;
1787156109.447679822 0, 44108, 65;1, 42402, 51;2, 0, 0;3, 0, 0;
1787156111.828922953 0, 44108, 66;1, 42402, 61;2, 0, 0;3, 0, 0;
1787156114.182800988 0, 44108, 53;1, 42402, 69;2, 0, 0;3, 0, 0;
1787156116.524303183 0, 44108, 91;1, 42402, 51;2, 0, 0;3, 0, 0;
1787156118.878252753 0, 44108, 81;1, 42402, 58;2, 0, 0;3, 0, 0;
1787156121.247968962 0, 44164, 69;1, 42224, 42;2, 0, 0;3, 0, 0;
1787156123.622115699 0, 44548, 44;1, 33362, 31;2, 0, 0;3, 0, 0;
1787156125.966727386 0, 44676, 53;1, 33138, 59;2, 0, 0;3, 0, 0;
1787156128.546075912 0, 44820, 44;1, 33138, 54;2, 0, 0;3, 0, 0;
1787156131.279517802 0, 44820, 59;1, 33138, 56;2, 0, 0;3, 0, 0;
1787156134.024451827 0, 44820, 40;1, 33138, 50;2, 0, 0;3, 0, 0;
1787156136.329854605 0, 44822, 67;1, 33138, 53;2, 0, 0;3, 0, 0;
1787156138.638534898 0, 44822, 56;1, 39902, 38;2, 0, 0;3, 0, 0;
1787156140.972702860 0, 44822, 64;1, 41848, 46;2, 0, 0;3, 0, 0;
1787156143.346718346 0, 44950, 87;1, 41850, 51;2, 0, 0;3, 0, 0;
1787156145.655452016 0, 45334, 90;1, 41850, 78;2, 0, 0;3, 0, 0;
1787156147.977157272 0, 45718, 49;1, 41850, 60;2, 0, 0;3, 0, 0;
1787156150.289729181 0, 45718, 84;1, 41884, 82;2, 0, 0;3, 0, 0;
1787156152.577082965 0, 45718, 62;1, 41884, 39;2, 0, 0;3, 0, 0;
1787156154.871436869 0, 40064, 44;1, 41884, 47;2, 0, 0;3, 0, 0;
1787156157.257266321 0, 36900, 78;1, 41884, 66;2, 0, 0;3, 0, 0;
1787156159.569457288 0, 36900, 61;1, 41884, 55;2, 0, 0;3, 0, 0;
1787156161.857820412 0, 36900, 90;1, 41884, 46;2, 0, 0;3, 0, 0;
1787156164.140638072 0, 36900, 48;1, 42026, 57;2, 0, 0;3, 0, 0;
1787156166.404592465 0, 36900, 47;1, 42026, 52;2, 0, 0;3, 0, 0;
1787156168.716701910 0, 36900, 35;1, 42026, 60;2, 0, 0;3, 0, 0;
1787156170.987029934 0, 37146, 100;1, 45534, 69;2, 0, 0;3, 0, 0;
1787156173.266602639 0, 36900, 40;1, 47138, 49;2, 0, 0;3, 0, 0;
1787156175.554610105 0, 36644, 83;1, 47162, 39;2, 0, 0;3, 0, 0;
1787156177.856315398 0, 36644, 37;1, 47214, 56;2, 0, 0;3, 0, 0;
1787156180.127422640 0, 35832, 59;1, 47214, 60;2, 0, 0;3, 0, 0;
1787156182.455078245 0, 30774, 46;1, 47216, 53;2, 0, 0;3, 0, 0;
1787156184.760273148 0, 30774, 45;1, 47360, 70;2, 0, 0;3, 0, 0;
1787156187.113992615 0, 30390, 19;1, 47414, 52;2, 0, 0;3, 0, 0;
1787156189.382994033 0, 30390, 57;1, 47600, 51;2, 0, 0;3, 0, 0;
1787156191.669311772 0, 30390, 35;1, 47600, 44;2, 0, 0;3, 0, 0;
1787156193.990820151 0, 30390, 55;1, 47600, 54;2, 0, 0;3, 0, 0;
1787156196.375369459 0, 30476, 49;1, 47600, 47;2, 0, 0;3, 0, 0;
1787156198.784212356 0, 30476, 62;1, 47600, 67;2, 0, 0;3, 0, 0;
1787156201.239076774 0, 30348, 44;1, 47600, 80;2, 0, 0;3, 0, 0;
1787156203.589300063 0, 33884, 44;1, 48070, 48;2, 0, 0;3, 0, 0;
1787156206.409860219 0, 35368, 46;1, 47824, 57;2, 0, 0;3, 0, 0;
1787156209.209052586 0, 35466, 72;1, 47824, 57;2, 0, 0;3, 0, 0;
1787156211.764241712 0, 35466, 65;1, 47824, 51;2, 0, 0;3, 0, 0;
1787156214.157323676 0, 35502, 51;1, 47930, 59;2, 0, 0;3, 0, 0;
1787156216.520798419 0, 35504, 72;1, 47936, 76;2, 0, 0;3, 0, 0;
1787156218.882295053 0, 35504, 74;1, 47938, 86;2, 0, 0;3, 0, 0;
1787156221.194503395 0, 35504, 57;1, 42396, 62;2, 0, 0;3, 0, 0;
1787156223.504823517 0, 35504, 67;1, 42506, 64;2, 0, 0;3, 0, 0;
1787156225.849716409 0, 35650, 66;1, 42506, 61;2, 0, 0;3, 0, 0;
1787156228.212334492 0, 35650, 69;1, 42650, 44;2, 0, 0;3, 0, 0;
1787156230.578019240 0, 35650, 49;1, 42650, 63;2, 0, 0;3, 0, 0;
1787156232.937332003 0, 35650, 55;1, 42650, 69;2, 0, 0;3, 0, 0;
1787156235.340518306 0, 35650, 39;1, 42650, 55;2, 0, 0;3, 0, 0;
1787156237.644499223 0, 35650, 67;1, 42650, 82;2, 0, 0;3, 0, 0;
1787156239.961146215 0, 35522, 44;1, 42650, 53;2, 0, 0;3, 0, 0;
1787156242.257587238 0, 35522, 62;1, 46270, 46;2, 0, 0;3, 0, 0;
1787156244.618827953 0, 35522, 56;1, 48010, 58;2, 0, 0;3, 0, 0;
1787156246.935366031 0, 35522, 45;1, 48010, 62;2, 0, 0;3, 0, 0;
1787156249.246676025 0, 35522, 55;1, 48010, 39;2, 0, 0;3, 0, 0;
1787156251.554384958 0, 35522, 26;1, 48010, 49;2, 0, 0;3, 0, 0;
1787156253.907019221 0, 30098, 20;1, 48010, 45;2, 0, 0;3, 0, 0;
1787156256.274196722 0, 29648, 2;1, 48010, 53;2, 0, 0;3, 0, 0;
1787156258.676862154 0, 29296, 0;1, 48010, 49;2, 0, 0;3, 0, 0;
1787156261.052085137 0, 28818, 0;1, 48010, 56;2, 0, 0;3, 0, 0;
