1787323444.301157468 0, 33708, 4;1, 33722, 0;2, 0, 0;3, 0, 0;
1787323446.599352055 0, 33826, 0;1, 33924, 79;2, 0, 0;3, 0, 0;
1787323448.974975890 0, 34268, 13;1, 34242, 7;2, 0, 0;3, 0, 0;
1787323452.252900876 0, 35320, 5;1, 35422, 25;2, 0, 0;3, 0, 0;
1787323455.132998607 0, 36292, 25;1, 36290, 23;2, 0, 0;3, 0, 0;
1787323457.639645846 0, 37592, 24;1, 36948, 14;2, 0, 0;3, 0, 0;
1787323460.154757232 0, 37792, 42;1, 37172, 41;2, 0, 0;3, 0, 0;
1787323462.465195853 0, 37792, 40;1, 37620, 40;2, 0, 0;3, 0, 0;
1787323464.905648202 0, 37792, 33;1, 38204, 37;2, 0, 0;3, 0, 0;
1787323467.298619282 0, 38140, 42;1, 38204, 63;2, 0, 0;3, 0, 0;
1787323469.626693883 0, 38140, 60;1, 38830, 25;2, 0, 0;3, 0, 0;
1787323472.077618784 0, 38140, 53;1, 39168, 50;2, 0, 0;3, 0, 0;
1787323474.539110000 0, 38524, 32;1, 39168, 39;2, 0, 0;3, 0, 0;
1787323476.818061847 0, 39036, 30;1, 39280, 71;2, 0, 0;3, 0, 0;
1787323479.177351686 0, 39164, 51;1, 39280, 48;2, 0, 0;3, 0, 0;
1787323481.556381102 0, 39420, 37;1, 39280, 59;2, 0, 0;3, 0, 0;
1787323483.896666868 0, 39420, 36;1, 39280, 82;2, 0, 0;3, 0, 0;
1787323486.296409428 0, 39548, 50;1, 39392, 40;2, 0, 0;3, 0, 0;
1787323488.648527818 0, 40316, 41;1, 39586, 39;2, 0, 0;3, 0, 0;
1787323490.971973479 0, 40828, 54;1, 39698, 44;2, 0, 0;3, 0, 0;
1787323493.286644579 0, 41468, 26;1, 39922, 28;2, 0, 0;3, 0, 0;
1787323495.631043826 0, 41598, 62;1, 40034, 45;2, 0, 0;3, 0, 0;
1787323497.986178719 0, 41598, 0;1, 40258, 0;2, 0, 0;3, 0, 0;
1787323501.123890215 0, 41598, 29;1, 40370, 56;2, 0, 0;3, 0, 0;
1787323504.058215907 0, 41674, 14;1, 40370, 36;2, 0, 0;3, 0, 0;
1787323506.946628363 0, 41776, 46;1, 40594, 58;2, 0, 0;3, 0, 0;
1787323510.120639927 0, 42080, 57;1, 40818, 75;2, 0, 0;3, 0, 0;
1787323513.772988996 0, 42542, 12;1, 41450, 34;2, 0, 0;3, 0, 0;
1787323516.476223763 0, 43098, 0;1, 41898, 28;2, 0, 0;3, 0, 0;
1787323519.336061038 0, 43672, 0;1, 42284, 45;2, 0, 0;3, 0, 0;
1787323522.343202138 0, 44130, 9;1, 42708, 52;2, 0, 0;3, 0, 0;
1787323525.323621964 0, 44540, 28;1, 42934, 44;2, 0, 0;3, 0, 0;
1787323528.395576020 0, 45242, 20;1, 43248, 47;2, 0, 0;3, 0, 0;
1787323532.226361198 0, 45850, 19;1, 43986, 100;2, 0, 0;3, 0, 0;
1787323535.622812950 0, 46606, 9;1, 44620, 57;2, 0, 0;3, 0, 0;
1787323539.134913065 0, 47528, 20;1, 45196, 5;2, 0, 0;3, 0, 0;
1787323542.439812546 0, 47986, 13;1, 45712, 7;2, 0, 0;3, 0, 0;
1787323545.115261345 0, 48340, 58;1, 46260, 0;2, 0, 0;3, 0, 0;
1787323548.323864357 0, 49032, 1;1, 46748, 0;2, 0, 0;3, 0, 0;
1787323551.316700867 0, 49340, 9;1, 47294, 3;2, 0, 0;3, 0, 0;
1787323554.421081546 0, 49682, 0;1, 47982, 0;2, 0, 0;3, 0, 0;
1787323557.478628011 0, 49938, 0;1, 49256, 3;2, 0, 0;3, 0, 0;
1787323560.464304022 0, 50240, 0;1, 49744, 0;2, 0, 0;3, 0, 0;
1787323563.495356335 0, 50598, 2;1, 50358, 30;2, 0, 0;3, 0, 0;
1787323566.738562589 0, 51106, 35;1, 51918, 69;2, 0, 0;3, 0, 0;
1787323570.313210855 0, 51404, 33;1, 52696, 9;2, 0, 0;3, 0, 0;
1787323573.651733078 0, 51738, 26;1, 53342, 10;2, 0, 0;3, 0, 0;
1787323576.335649920 0, 52038, 17;1, 53962, 8;2, 0, 0;3, 0, 0;
1787323578.870929486 0, 52388, 42;1, 54494, 100;2, 0, 0;3, 0, 0;
1787323581.563254855 0, 52642, 61;1, 55082, 69;2, 0, 0;3, 0, 0;
1787323584.388794005 0, 49651, 0;1, 52205, 0;2, 0, 0;3, 0, 0;
1787323590.375408128 0, 49651, 0;1, 52021, 0;2, 0, 0;3, 0, 0;
1787323594.034700584 0, 4897, 100;1, 27531, 100;2, 0, 0;3, 0, 0;
1787323598.607315151 0, 6, 0;1, 22459, 0;2, 0, 0;3, 0, 0;
1787323602.031318450 0, 6, 0;1, 18805, 0;2, 0, 0;3, 0, 0;
1787323604.153854742 0, 6, 0;1, 18805, 0;2, 0, 0;3, 0, 0;
1787323606.252588114 0, 6, 0;1, 18805, 0;2, 0, 0;3, 0, 0;
1787323609.590636705 0, 0, 0;1, 0, 30;2, 0, 0;3, 0, 0;
1787323611.708253178 0, 0, 0;1, 0, 0;2, 0, 0;3, 0, 0;
1787323614.655594453 0, 0, 0;1, 0, 0;2, 0, 0;3, 0, 0;
1787323616.740892847 0, 0, 0;1, 0, 0;2, 0, 0;3, 0, 0;
1787323619.260957816 0, 0, 0;1, 0, 0;2, 0, 0;3, 0, 0;
1787323621.394497434 0, 0, 0;1, 0, 0;2, 0, 0;3, 0, 0;
1787323624.557297936 0, 0, 0;1, 0, 0;2, 0, 0;3, 0, 0;
1787323626.676354797 0, 0, 0;1, 0, 0;2, 0, 0;3, 0, 0;
1787323628.805834542 0, 0, 0;1, 0, 0;2, 0, 0;3, 0, 0;
1787323630.890419938 0, 0, 0;1, 0, 0;2, 0, 0;3, 0, 0;
1787323634.223333894 0, 0, 0;1, 0, 0;2, 0, 0;3, 0, 0;
1787323636.321746360 0, 0, 0;1, 0, 0;2, 0, 0;3, 0, 0;
1787323639.500560908 0, 0, 0;1, 0, 0;2, 0, 0;3, 0, 0;
1787323641.632222068 0, 0, 0;1, 0, 0;2, 0, 0;3, 0, 0;
1787323643.712852691 0, 0, 0;1, 0, 0;2, 0, 0;3, 0, 0;
1787323645.795053947 0, 0, 0;1, 0, 0;2, 0, 0;3, 0, 0;
1787323649.229283427 0, 0, 0;1, 0, 0;2, 0, 0;3, 0, 0;
1787323651.347287548 0, 0, 0;1, 0, 0;2, 0, 0;3, 0, 0;
1787323653.444918616 0, 0, 0;1, 0, 0;2, 0, 0;3, 0, 0;
1787323656.804383100 0, 0, 0;1, 0, 0;2, 0, 0;3, 0, 0;
1787323658.926910005 0, 0, 0;1, 0, 0;2, 0, 0;3, 0, 0;
1787323661.055158316 0, 0, 0;1, 0, 0;2, 0, 0;3, 0, 0;
1787323664.280884883 0, 0, 0;1, 0, 0;2, 0, 0;3, 0, 0;
1787323666.362443481 0, 0, 0;1, 0, 0;2, 0, 0;3, 0, 0;
1787323668.443800928 0, 0, 0;1, 0, 0;2, 0, 0;3, 0, 0;
1787323670.545387625 0, 0, 0;1, 0, 0;2, 0, 0;3, 0, 0;
1787323673.805981098 0, 0, 0;1, 0, 0;2, 0, 0;3, 0, 0;
1787323675.887987179 0, 0, 0;1, 0, 0;2, 0, 0;3, 0, 0;
1787323677.995377092 0, 0, 0;1, 0, 0;2, 0, 0;3, 0, 0;
1787323681.270634420 0, 0, 0;1, 0, 0;2, 0, 0;3, 0, 0;
1787323683.381237208 0, 0, 0;1, 0, 0;2, 0, 0;3, 0, 0;
1787323685.459496008 0, 0, 0;1, 0, 0;2, 0, 0;3, 0, 0;
1787323687.595546998 0, 0, 0;1, 0, 0;2, 0, 0;3, 0, 0;
1787323690.976038044 0, 0, 0;1, 0, 0;2, 0, 0;3, 0, 0;
1787323693.062936092 0, 0, 0;1, 0, 0;2, 0, 0;3, 0, 0;
1787323695.161491453 0, 0, 0;1, 0, 0;2, 0, 0;3, 0, 0;
1787323697.243006698 0, 0, 0;1, 0, 0;2, 0, 0;3, 0, 0;
1787323699.327299825 0, 0, 0;1, 0, 0;2, 0, 0;3, 0, 0;
1787323702.678957808 0, 0, 0;1, 0, 0;2, 0, 0;3, 0, 0;
1787323704.755309941 0, 0, 0;1, 0, 0;2, 0, 0;3, 0, 0;
1787323706.835230732 0, 0, 0;1, 0, 0;2, 0, 0;3, 0, 0;
1787323708.915897559 0, 0, 0;1, 0, 0;2, 0, 0;3, 0, 0;
1787323711.019269406 0, 0, 0;1, 0, 0;2, 0, 0;3, 0, 0;
1787323713.111860288 0, 0, 0;1, 0, 0;2, 0, 0;3, 0, 0;
1787323716.412594124 0, 0, 0;1, 0, 0;2, 0, 0;3, 0, 0;
1787323718.496320424 0, 0, 0;1, 0, 0;2, 0, 0;3, 0, 0;
1787323720.597306552 0, 0, 0;1, 0, 0;2, 0, 0;3, 0, 0;
1787323722.682790436 0, 0, 0;1, 0, 0;2, 0, 0;3, 0, 0;
1787323724.761427335 0, 0, 0;1, 0, 0;2, 0, 0;3, 0, 0;
1787323726.856975188 0, 0, 0;1, 0, 0;2, 0, 0;3, 0, 0;
1787323730.247299446 0, 0, 0;1, 0, 0;2, 0, 0;3, 0, 0;
1787323732.329536953 0, 0, 0;1, 0, 0;2, 0, 0;3, 0, 0;
1787323734.414018238 0, 0, 0;1, 0, 0;2, 0, 0;3, 0, 0;
1787323737.813785779 0, 0, 0;1, 0, 0;2, 0, 0;3, 0, 0;
1787323739.894890996 0, 0, 0;1, 0, 0;2, 0, 0;3, 0, 0;
1787323741.973276452 0, 0, 0;1, 0, 0;2, 0, 0;3, 0, 0;
1787323744.054574571 0, 0, 0;1, 0, 0;2, 0, 0;3, 0, 0;
1787323746.156224111 0, 0, 0;1, 0, 0;2, 0, 0;3, 0, 0;
1787323748.243001223 0, 0, 0;1, 0, 0;2, 0, 0;3, 0, 0;
1787323751.381108368 0, 0, 0;1, 0, 0;2, 0, 0;3, 0, 0;
1787323753.464265330 0, 0, 0;1, 0, 0;2, 0, 0;3, 0, 0;
1787323755.547897707 0, 0, 0;1, 0, 0;2, 0, 0;3, 0, 0;
1787323757.631079109 0, 0, 0;1, 0, 0;2, 0, 0;3, 0, 0;
1787323759.763177801 0, 0, 0;1, 0, 0;2, 0, 0;3, 0, 0;
1787323763.233237329 0, 0, 0;1, 0, 0;2, 0, 0;3, 0, 0;
1787323765.324821987 0, 0, 0;1, 0, 0;2, 0, 0;3, 0, 0;
1787323767.410771631 0, 0, 0;1, 0, 0;2, 0, 0;3, 0, 0;
1787323769.490968048 0, 0, 0;1, 0, 0;2, 0, 0;3, 0, 0;
1787323771.572530166 0, 0, 0;1, 0, 0;2, 0, 0;3, 0, 0;
1787323773.654194566 0, 0, 0;1, 0, 0;2, 0, 0;3, 0, 0;
1787323775.752387056 0, 0, 0;1, 0, 0;2, 0, 0;3, 0, 0;
1787323777.853093666 0, 0, 0;1, 0, 0;2, 0, 0;3, 0, 0;
1787323781.262282507 0, 0, 0;1, 0, 0;2, 0, 0;3, 0, 0;
1787323783.343088998 0, 0, 0;1, 0, 0;2, 0, 0;3, 0, 0;
1787323785.440703283 0, 0, 0;1, 0, 0;2, 0, 0;3, 0, 0;
1787323787.539888010 0, 0, 0;1, 0, 0;2, 0, 0;3, 0, 0;
1787323789.626355636 0, 0, 0;1, 0, 0;2, 0, 0;3, 0, 0;
1787323793.019411656 0, 0, 0;1, 0, 0;2, 0, 0;3, 0, 0;
1787323795.121019893 0, 0, 0;1, 0, 0;2, 0, 0;3, 0, 0;
1787323797.205156519 0, 0, 0;1, 0, 0;2, 0, 0;3, 0, 0;
1787323799.289141054 0, 0, 0;1, 0, 0;2, 0, 0;3, 0, 0;
1787323801.370656419 0, 0, 0;1, 0, 0;2, 0, 0;3, 0, 0;
1787323803.494870895 0, 0, 0;1, 0, 0;2, 0, 0;3, 0, 0;
1787323805.574726456 0, 0, 0;1, 0, 0;2, 0, 0;3, 0, 0;
1787323809.060992557 0, 0, 0;1, 0, 0;2, 0, 0;3, 0, 0;
1787323811.143976283 0, 0, 0;1, 0, 0;2, 0, 0;3, 0, 0;
1787323813.227179130 0, 0, 0;1, 0, 0;2, 0, 0;3, 0, 0;
1787323815.352608534 0, 0, 0;1, 0, 0;2, 0, 0;3, 0, 0;
1787323818.872125199 0, 0, 0;1, 0, 0;2, 0, 0;3, 0, 0;
1787323820.952340902 0, 0, 0;1, 0, 0;2, 0, 0;3, 0, 0;
1787323823.075128924 0, 0, 0;1, 0, 0;2, 0, 0;3, 0, 0;
1787323826.388928999 0, 0, 0;1, 0, 0;2, 0, 0;3, 0, 0;
1787323828.473010973 0, 0, 0;1, 0, 0;2, 0, 0;3, 0, 0;
1787323830.557211657 0, 0, 0;1, 0, 0;2, 0, 0;3, 0, 0;
1787323832.677531369 0, 0, 0;1, 0, 0;2, 0, 0;3, 0, 0;
1787323836.036049799 0, 0, 0;1, 0, 0;2, 0, 0;3, 0, 0;
1787323838.119815389 0, 0, 0;1, 0, 0;2, 0, 0;3, 0, 0;
1787323840.200180292 0, 0, 0;1, 0, 0;2, 0, 0;3, 0, 0;
1787323842.282125107 0, 0, 0;1, 0, 0;2, 0, 0;3, 0, 0;
1787323844.362811973 0, 0, 0;1, 0, 0;2, 0, 0;3, 0, 0;
1787323847.159773911 0, 0, 0;1, 0, 0;2, 0, 0;3, 0, 0;
1787323849.258607730 0, 0, 0;1, 0, 0;2, 0, 0;3, 0, 0;
1787323851.334655468 0, 0, 0;1, 0, 0;2, 0, 0;3, 0, 0;
1787323853.412376089 0, 0, 0;1, 0, 0;2, 0, 0;3, 0, 0;
1787323856.623336922 0, 0, 0;1, 0, 0;2, 0, 0;3, 0, 0;
1787323858.744033205 0, 0, 0;1, 0, 0;2, 0, 0;3, 0, 0;
1787323860.818898963 0, 0, 0;1, 0, 0;2, 0, 0;3, 0, 0;
1787323862.913907861 0, 0, 0;1, 0, 0;2, 0, 0;3, 0, 0;
1787323866.376943309 0, 0, 0;1, 0, 0;2, 0, 0;3, 0, 0;
