1787237557.236794651 0, 36321, 0;1, 32305, 0;2, 21405, 1;3, 13561, 0;
1787237560.442077419 0, 36461, 12;1, 32383, 5;2, 22001, 0;3, 14115, 0;
1787237564.399466070 0, 36461, 24;1, 32579, 30;2, 22041, 46;3, 14115, 0;
1787237567.076257745 0, 36461, 89;1, 32777, 98;2, 22155, 37;3, 14115, 0;
1787237569.762765890 0, 36651, 6;1, 32987, 30;2, 22317, 14;3, 14115, 0;
1787237573.611201133 0, 36651, 12;1, 33099, 19;2, 22317, 7;3, 14115, 0;
1787237576.547434312 0, 36779, 89;1, 33211, 99;2, 22317, 46;3, 14115, 0;
1787237579.528383726 0, 36971, 6;1, 33381, 5;2, 22429, 7;3, 14115, 0;
1787237583.387752695 0, 36971, 93;1, 33493, 97;2, 22429, 46;3, 14115, 0;
1787237586.090109463 0, 37445, 83;1, 33493, 70;2, 22429, 62;3, 14115, 0;
1787237588.757455755 0, 37445, 31;1, 33605, 21;2, 22429, 7;3, 14115, 0;
1787237592.161287955 0, 37445, 13;1, 33845, 36;2, 22429, 4;3, 14115, 0;
1787237595.599476145 0, 37445, 6;1, 34417, 6;2, 22519, 12;3, 14115, 0;
1787237600.139723422 0, 37819, 8;1, 34599, 16;2, 22521, 27;3, 14117, 13;
1787237602.953982804 0, 39015, 95;1, 34599, 98;2, 22633, 95;3, 14117, 74;
1787237605.721136901 0, 39543, 39;1, 34599, 21;2, 22635, 14;3, 14119, 12;
1787237609.889840502 0, 39927, 52;1, 34599, 51;2, 22699, 67;3, 14183, 54;
1787237612.575394933 0, 40055, 99;1, 34599, 99;2, 22699, 85;3, 14183, 4;
1787237615.557714869 0, 40495, 26;1, 34599, 0;2, 22699, 0;3, 14185, 0;
1787237619.468321593 0, 41355, 99;1, 34599, 70;2, 22701, 97;3, 14185, 26;
1787237622.178656671 0, 41611, 95;1, 34599, 99;2, 22701, 67;3, 14185, 48;
1787237624.865325858 0, 42371, 5;1, 34575, 0;2, 22701, 11;3, 14185, 4;
1787237628.598943317 0, 42835, 37;1, 34375, 4;2, 22701, 23;3, 14185, 6;
1787237632.288533673 0, 42835, 99;1, 33815, 9;2, 22701, 67;3, 14185, 42;
1787237634.958397154 0, 43347, 92;1, 33815, 10;2, 22701, 95;3, 14185, 31;
1787237637.638086887 0, 43987, 100;1, 33815, 41;2, 22701, 96;3, 14185, 74;
1787237640.261824491 0, 44243, 95;1, 33815, 45;2, 22701, 94;3, 14185, 58;
1787237642.862115912 0, 44499, 95;1, 33815, 54;2, 22701, 62;3, 14185, 49;
1787237645.509162185 0, 44627, 99;1, 33815, 43;2, 22701, 77;3, 14185, 72;
1787237648.218096000 0, 44627, 90;1, 33031, 53;2, 22765, 38;3, 14249, 58;
1787237650.837412409 0, 44627, 99;1, 17151, 0;2, 22765, 95;3, 14249, 29;
1787237653.514177157 0, 45279, 0;1, 23833, 0;2, 22937, 13;3, 14421, 8;
1787237657.585173272 0, 45523, 100;1, 25809, 98;2, 22765, 95;3, 14249, 70;
1787237660.231869729 0, 46271, 99;1, 25953, 53;2, 22765, 94;3, 14249, 77;
1787237662.870857911 0, 47105, 100;1, 25953, 98;2, 22765, 94;3, 14249, 21;
1787237665.489498752 0, 47951, 86;1, 25955, 97;2, 22851, 94;3, 14249, 79;
1787237668.094088181 0, 48061, 12;1, 25955, 17;2, 22851, 34;3, 14249, 4;
1787237671.223298069 0, 48317, 20;1, 25955, 0;2, 22851, 8;3, 14249, 7;
1787237674.794630682 0, 48653, 0;1, 25955, 0;2, 22963, 44;3, 14249, 1;
1787237678.536804812 0, 49257, 71;1, 26237, 18;2, 24493, 47;3, 29913, 3;
1787237682.423752536 0, 39997, 93;1, 25955, 46;2, 25317, 41;3, 30809, 27;
1787237685.169565013 0, 39715, 0;1, 25955, 4;2, 25653, 23;3, 30809, 11;
1787237689.001228563 0, 39357, 24;1, 25955, 7;2, 26213, 3;3, 30809, 20;
1787237692.601682385 0, 39229, 19;1, 25955, 7;2, 26437, 20;3, 30921, 3;
1787237695.220468543 0, 38963, 14;1, 25955, 0;2, 26591, 0;3, 30969, 15;
1787237699.460250238 0, 38845, 87;1, 25955, 0;2, 27591, 6;3, 31175, 85;
1787237702.058276504 0, 38717, 92;1, 25955, 0;2, 28265, 71;3, 31175, 85;
1787237704.669955569 0, 38461, 82;1, 25955, 0;2, 28711, 78;3, 31177, 17;
1787237707.286616130 0, 38205, 68;1, 25955, 0;2, 28711, 88;3, 31177, 87;
1787237709.901568618 0, 37949, 76;1, 24835, 0;2, 29049, 75;3, 31177, 90;
1787237712.463405858 0, 37693, 95;1, 19543, 0;2, 29497, 48;3, 31177, 76;
1787237715.158829102 0, 37309, 78;1, 19543, 0;2, 29721, 88;3, 31177, 28;
1787237717.818202563 0, 37053, 64;1, 19543, 0;2, 30169, 33;3, 31177, 56;
1787237720.527236966 0, 36541, 82;1, 19543, 0;2, 30729, 70;3, 31177, 15;
1787237723.209384382 0, 35407, 69;1, 19317, 4;2, 30573, 87;3, 30957, 79;
1787237725.794501480 0, 34237, 13;1, 10739, 0;2, 27869, 8;3, 29233, 3;
1787237729.626211522 0, 34173, 0;1, 10739, 0;2, 27869, 19;3, 28233, 0;
1787237735.110393415 0, 34223, 82;1, 14267, 26;2, 28003, 64;3, 28561, 72;
1787237737.780872374 0, 33981, 92;1, 16161, 63;2, 27869, 82;3, 28427, 78;
1787237740.497016786 0, 33981, 0;1, 16161, 30;2, 27869, 51;3, 28965, 37;
1787237743.165745051 0, 32189, 12;1, 16163, 2;2, 27645, 10;3, 29189, 9;
1787237746.791673818 0, 32189, 14;1, 16275, 8;2, 27361, 0;3, 29189, 26;
1787237750.298380074 0, 32189, 0;1, 16275, 14;2, 27123, 1;3, 29641, 80;
1787237753.527300753 0, 32189, 15;1, 16277, 8;2, 27085, 0;3, 29865, 19;
1787237756.775969557 0, 31647, 0;1, 16277, 9;2, 26861, 5;3, 30201, 27;
1787237760.390901620 0, 31259, 88;1, 19117, 41;2, 28021, 64;3, 30203, 89;
1787237762.872271716 0, 31165, 19;1, 19671, 22;2, 27645, 6;3, 30211, 0;
1787237766.226117014 0, 31165, 13;1, 19671, 27;2, 25775, 0;3, 30427, 10;
1787237769.796568742 0, 31165, 6;1, 19675, 12;2, 25779, 23;3, 31019, 0;
1787237773.785548341 0, 31165, 88;1, 19675, 78;2, 25443, 61;3, 31353, 66;
1787237776.466919683 0, 30909, 23;1, 19675, 22;2, 24099, 18;3, 31465, 21;
1787237780.409833635 0, 30909, 87;1, 19675, 96;2, 24099, 97;3, 31465, 13;
1787237783.196119972 0, 30525, 36;1, 19675, 34;2, 24099, 21;3, 31465, 16;
1787237787.095127822 0, 30525, 80;1, 19675, 87;2, 24099, 87;3, 31465, 79;
1787237789.876310781 0, 30525, 12;1, 19675, 3;2, 23987, 7;3, 31465, 14;
1787237793.694640431 0, 30525, 80;1, 19787, 46;2, 23987, 36;3, 31465, 52;
1787237796.444210659 0, 30525, 90;1, 19787, 47;2, 23987, 57;3, 31465, 86;
1787237799.018599798 0, 30525, 6;1, 19787, 3;2, 23987, 7;3, 31465, 9;
1787237802.898031492 0, 30525, 57;1, 19787, 47;2, 23987, 58;3, 31729, 89;
1787237805.595670280 0, 30397, 12;1, 19787, 4;2, 23987, 5;3, 31729, 24;
1787237809.409140382 0, 30397, 87;1, 19787, 47;2, 23987, 53;3, 31393, 60;
1787237811.979740233 0, 30397, 83;1, 19787, 52;2, 23987, 35;3, 31393, 31;
1787237814.684950304 0, 30397, 12;1, 19787, 2;2, 23987, 4;3, 31393, 14;
1787237818.632115539 0, 30549, 85;1, 19959, 32;2, 32483, 51;3, 31505, 35;
1787237821.280096833 0, 30397, 0;1, 19787, 3;2, 33015, 2;3, 31005, 0;
1787237826.285675792 0, 30397, 24;1, 19787, 3;2, 33523, 15;3, 30945, 0;
1787237829.793146910 0, 30397, 44;1, 19787, 12;2, 34035, 12;3, 30945, 22;
1787237833.166248777 0, 30397, 9;1, 19787, 0;2, 34805, 6;3, 30945, 0;
1787237836.914786081 0, 30397, 7;1, 19787, 2;2, 35029, 24;3, 30833, 12;
1787237840.890646251 0, 30397, 83;1, 19787, 46;2, 35029, 49;3, 30609, 24;
1787237843.654512007 0, 30397, 6;1, 19787, 5;2, 35029, 9;3, 30497, 11;
1787237847.773244457 0, 30397, 84;1, 19787, 42;2, 35365, 64;3, 29825, 30;
1787237850.521281626 0, 30397, 6;1, 19787, 5;2, 36123, 0;3, 29825, 0;
1787237854.639840694 0, 30397, 87;1, 19787, 46;2, 36293, 80;3, 29825, 50;
1787237857.360624284 0, 30397, 91;1, 19787, 43;2, 36741, 52;3, 29713, 16;
1787237860.085211491 0, 30397, 84;1, 19787, 42;2, 36741, 90;3, 29713, 53;
1787237862.800188938 0, 30397, 91;1, 19585, 43;2, 36645, 41;3, 29713, 85;
1787237865.491853535 0, 30397, 23;1, 16943, 2;2, 34009, 9;3, 29713, 5;
1787237868.658203810 0, 30397, 12;1, 16943, 1;2, 34009, 0;3, 29713, 0;
1787237872.443167634 0, 30397, 79;1, 16943, 43;2, 34121, 98;3, 29601, 80;
1787237875.113819716 0, 30569, 50;1, 23533, 19;2, 34273, 44;3, 29773, 26;
1787237878.359187526 0, 30397, 6;1, 25521, 16;2, 34121, 16;3, 29601, 0;
1787237881.950682578 0, 30397, 94;1, 25523, 97;2, 34121, 99;3, 29601, 27;
1787237884.628651873 0, 30397, 86;1, 25543, 66;2, 34121, 96;3, 29601, 59;
1787237887.350828609 0, 30397, 6;1, 25547, 11;2, 34121, 14;3, 29601, 5;
1787237891.259490211 0, 30397, 18;1, 25825, 0;2, 24999, 1;3, 29601, 5;
1787237894.330893281 0, 30397, 89;1, 25825, 98;2, 24867, 79;3, 29601, 78;
1787237896.925676468 0, 30397, 93;1, 25825, 98;2, 24755, 79;3, 29601, 60;
1787237899.592614961 0, 30527, 0;1, 25825, 10;2, 24755, 5;3, 29601, 8;
1787237903.667983056 0, 31139, 0;1, 25825, 9;2, 24755, 12;3, 29601, 11;
1787237908.309851037 0, 31421, 0;1, 25825, 17;2, 24755, 10;3, 29601, 23;
1787237911.317971274 0, 32859, 91;1, 25969, 84;2, 24755, 40;3, 29601, 25;
1787237913.993258726 0, 34221, 0;1, 25969, 16;2, 24531, 2;3, 29601, 16;
1787237918.008081137 0, 34389, 0;1, 25969, 26;2, 24531, 8;3, 29601, 6;
1787237923.065359602 0, 35359, 0;1, 25969, 0;2, 23745, 7;3, 29489, 0;
1787237925.756869101 0, 36073, 0;1, 25969, 16;2, 23059, 0;3, 29489, 0;
1787237929.272102931 0, 36639, 26;1, 25969, 22;2, 20947, 0;3, 29489, 0;
1787237933.007594125 0, 36639, 36;1, 25969, 0;2, 20947, 0;3, 29489, 0;
1787237935.783356516 0, 36511, 94;1, 25971, 98;2, 20947, 0;3, 29489, 0;
1787237938.486664990 0, 36511, 40;1, 26065, 23;2, 20947, 0;3, 29489, 0;
1787237942.392860926 0, 36255, 76;1, 26065, 88;2, 20947, 0;3, 29489, 0;
1787237945.116250165 0, 36255, 93;1, 26065, 97;2, 20947, 0;3, 29489, 0;
1787237947.814027687 0, 36255, 92;1, 26065, 91;2, 20947, 0;3, 11283, 76;
1787237950.606290148 0, 36127, 14;1, 26065, 5;2, 20907, 0;3, 11283, 0;
1787237954.716196666 0, 36127, 24;1, 26065, 1;2, 11867, 0;3, 11283, 0;
1787237957.408671469 0, 36383, 84;1, 26065, 62;2, 11867, 0;3, 11283, 0;
1787237960.103837951 0, 37151, 82;1, 26065, 97;2, 11867, 0;3, 11283, 0;
1787237962.808038478 0, 37663, 85;1, 26065, 98;2, 11867, 0;3, 11283, 0;
1787237965.503777454 0, 37663, 6;1, 26065, 6;2, 11867, 0;3, 11283, 0;
1787237969.083586379 0, 37663, 15;1, 26319, 18;2, 11867, 0;3, 11283, 0;
1787237972.262037040 0, 37663, 93;1, 26319, 98;2, 11867, 0;3, 11283, 0;
1787237974.970950661 0, 37663, 94;1, 26319, 97;2, 11867, 0;3, 11283, 0;
1787237977.686297068 0, 37663, 26;1, 26463, 8;2, 26491, 0;3, 11283, 0;
1787237980.655076621 0, 37925, 12;1, 26745, 0;2, 26659, 0;3, 11565, 0;
1787237983.659130770 0, 37663, 22;1, 26463, 7;2, 26961, 0;3, 11283, 0;
1787237986.986537395 0, 37663, 0;1, 26463, 0;2, 28325, 0;3, 11283, 0;
1787237990.012763835 0, 37663, 94;1, 26463, 91;2, 29689, 69;3, 11283, 0;
1787237992.754114340 0, 37663, 94;1, 26463, 98;2, 29915, 88;3, 11283, 0;
1787237995.473175943 0, 37663, 91;1, 26463, 98;2, 29915, 92;3, 11283, 0;
1787237998.155060155 0, 37535, 93;1, 26463, 96;2, 29915, 81;3, 11283, 0;
1787238000.799719045 0, 36127, 78;1, 26463, 98;2, 29915, 88;3, 11283, 0;
1787238003.441613796 0, 34809, 86;1, 26463, 57;2, 29915, 88;3, 11283, 0;
1787238006.003078620 0, 33695, 83;1, 26463, 0;2, 29915, 82;3, 11283, 0;
1787238008.654682750 0, 33695, 93;1, 26463, 0;2, 29915, 89;3, 11283, 0;
1787238011.354591942 0, 30495, 28;1, 26463, 0;2, 29803, 67;3, 11283, 0;
1787238014.001234325 0, 30495, 0;1, 26463, 0;2, 29803, 0;3, 11283, 0;
1787238016.657526559 0, 30495, 0;1, 26463, 0;2, 29803, 0;3, 11283, 0;
1787238019.315157713 0, 30495, 0;1, 26463, 0;2, 29803, 0;3, 11283, 0;
1787238021.918365800 0, 30495, 0;1, 26463, 0;2, 29803, 0;3, 11283, 0;
1787238024.592182110 0, 30495, 0;1, 26463, 0;2, 29803, 0;3, 11283, 0;
1787238027.335206325 0, 30495, 0;1, 26463, 0;2, 29803, 0;3, 11283, 0;
1787238030.055448103 0, 29523, 6;1, 24597, 13;2, 28817, 5;3, 11283, 0;
1787238032.788608115 0, 10761, 0;1, 11291, 65;2, 11847, 100;3, 11283, 0;
1787238035.474143820 0, 10761, 0;1, 11291, 0;2, 11847, 0;3, 11283, 0;
1787238039.298462527 0, 10761, 0;1, 11291, 0;2, 11847, 0;3, 11283, 0;
1787238042.258425810 0, 10761, 0;1, 11291, 0;2, 11847, 0;3, 11283, 0;
1787238045.223211298 0, 10761, 0;1, 11291, 0;2, 11847, 0;3, 11283, 0;
1787238049.048014807 0, 10761, 0;1, 11291, 0;2, 11847, 0;3, 11283, 0;
1787238051.723091125 0, 10761, 0;1, 11291, 0;2, 11847, 0;3, 11283, 0;
1787238055.853811153 0, 10761, 0;1, 11291, 0;2, 11847, 0;3, 11283, 0;
1787238059.245772390 0, 10761, 0;1, 11291, 0;2, 11847, 0;3, 11283, 0;
1787238062.318066578 0, 10761, 0;1, 11291, 0;2, 11847, 0;3, 11283, 0;
1787238065.647906922 0, 10761, 0;1, 11291, 0;2, 11847, 0;3, 11283, 0;
1787238068.336098744 0, 10761, 0;1, 11291, 0;2, 11847, 0;3, 11283, 0;
1787238072.134868681 0, 10761, 0;1, 11291, 0;2, 11847, 0;3, 11283, 0;
1787238075.143610126 0, 10761, 0;1, 11291, 0;2, 11847, 0;3, 11283, 0;
1787238078.831021232 0, 10761, 0;1, 11291, 0;2, 11847, 0;3, 11283, 0;
1787238081.906837145 0, 10761, 0;1, 11291, 0;2, 11847, 0;3, 11283, 0;
1787238084.902613075 0, 10761, 0;1, 11291, 0;2, 11847, 0;3, 11283, 0;
1787238088.699578677 0, 10761, 0;1, 11291, 0;2, 11847, 0;3, 11283, 0;
1787238091.387279164 0, 10761, 0;1, 11291, 0;2, 11847, 0;3, 11283, 0;
1787238094.076804873 0, 10761, 0;1, 11291, 0;2, 11847, 0;3, 11283, 0;
1787238098.193900625 0, 10761, 0;1, 11291, 0;2, 11847, 0;3, 11283, 0;
1787238100.895989206 0, 10761, 0;1, 11291, 0;2, 11847, 0;3, 11283, 0;
1787238103.578357972 0, 10761, 0;1, 11291, 0;2, 11847, 0;3, 11283, 0;
1787238107.669260733 0, 10761, 0;1, 11291, 0;2, 11847, 0;3, 11283, 0;
1787238110.357649182 0, 10761, 0;1, 11291, 0;2, 11847, 0;3, 11283, 0;
1787238114.475369947 0, 10761, 0;1, 11291, 0;2, 11847, 0;3, 11283, 0;
1787238117.162117845 0, 10761, 0;1, 11291, 0;2, 11847, 0;3, 11283, 0;
1787238119.849533977 0, 10761, 0;1, 11291, 0;2, 11847, 0;3, 11283, 0;
1787238122.514113283 0, 10761, 0;1, 11291, 0;2, 11847, 0;3, 11283, 0;
1787238126.298962703 0, 10761, 0;1, 11291, 0;2, 11847, 0;3, 11283, 0;
1787238129.511371846 0, 10761, 0;1, 11291, 0;2, 11847, 0;3, 11283, 0;
1787238134.695798093 0, 10761, 0;1, 11291, 0;2, 11847, 0;3, 11283, 0;
1787238138.510198378 0, 10761, 0;1, 11291, 0;2, 11847, 0;3, 11283, 0;
1787238141.615480180 0, 10761, 0;1, 11291, 0;2, 11847, 0;3, 11283, 0;
1787238144.739623840 0, 10761, 0;1, 11291, 0;2, 11847, 0;3, 11283, 0;
1787238148.776393592 0, 10761, 0;1, 11291, 0;2, 11847, 0;3, 11283, 0;
1787238151.480095110 0, 10761, 0;1, 11291, 0;2, 11847, 0;3, 11283, 0;
1787238154.877283956 0, 10761, 0;1, 11291, 0;2, 11847, 0;3, 11283, 0;
1787238158.305251246 0, 10761, 0;1, 11291, 0;2, 11847, 0;3, 11283, 0;
1787238160.977091442 0, 10761, 0;1, 11291, 0;2, 11847, 0;3, 11283, 0;
1787238165.090979794 0, 10761, 0;1, 11291, 0;2, 11847, 0;3, 11283, 0;
1787238167.767636275 0, 10761, 0;1, 11291, 0;2, 11847, 0;3, 11283, 0;
1787238170.757698498 0, 10761, 0;1, 11291, 0;2, 11847, 0;3, 11283, 0;
1787238174.593599572 0, 10761, 0;1, 11291, 0;2, 11847, 0;3, 11283, 0;
1787238177.227674960 0, 10761, 0;1, 11291, 0;2, 11847, 0;3, 11283, 0;
1787238181.046659663 0, 10761, 0;1, 11291, 0;2, 11847, 0;3, 11283, 0;
1787238184.035898029 0, 10761, 0;1, 11291, 0;2, 11847, 0;3, 11283, 0;
1787238186.689745046 0, 10761, 0;1, 11291, 0;2, 11847, 0;3, 11283, 0;
1787238190.855362261 0, 10761, 0;1, 11291, 0;2, 11847, 0;3, 11283, 0;
1787238193.547689517 0, 10761, 0;1, 11291, 0;2, 11847, 0;3, 11283, 0;
1787238197.661664434 0, 10761, 0;1, 11291, 0;2, 11847, 0;3, 11283, 0;
1787238200.267584908 0, 10761, 0;1, 11291, 0;2, 11847, 0;3, 11283, 0;
1787238203.507267051 0, 10761, 0;1, 11291, 0;2, 11847, 0;3, 11283, 0;
1787238206.999669125 0, 10761, 0;1, 11291, 0;2, 11847, 0;3, 11283, 0;
1787238210.873774787 0, 10761, 0;1, 11291, 0;2, 11847, 0;3, 11283, 0;
1787238214.573401807 0, 10761, 0;1, 11291, 0;2, 11847, 0;3, 11283, 0;
1787238217.589461253 0, 10761, 0;1, 11291, 0;2, 11847, 0;3, 11283, 0;
1787238220.806976412 0, 10761, 0;1, 11291, 0;2, 11847, 0;3, 11283, 0;
1787238224.093712534 0, 10761, 0;1, 11291, 0;2, 11847, 0;3, 11283, 0;
1787238227.633801639 0, 10761, 0;1, 11291, 0;2, 11847, 0;3, 11283, 0;
1787238230.316836272 0, 10761, 0;1, 11291, 0;2, 11847, 0;3, 11283, 0;
1787238234.331497471 0, 10761, 0;1, 11291, 0;2, 11847, 0;3, 11283, 0;
1787238237.019443016 0, 10761, 0;1, 11291, 0;2, 11847, 0;3, 11283, 0;
1787238239.673820776 0, 10761, 0;1, 11291, 0;2, 11847, 0;3, 11283, 0;
1787238243.782666098 0, 10761, 0;1, 11291, 0;2, 11847, 0;3, 11283, 0;
1787238246.454664999 0, 10761, 0;1, 11291, 0;2, 11847, 0;3, 11283, 0;
1787238250.294047886 0, 10761, 0;1, 11291, 0;2, 11847, 0;3, 11283, 0;
1787238253.239286663 0, 10761, 0;1, 11291, 0;2, 11847, 0;3, 11283, 0;
1787238257.384373731 0, 10761, 0;1, 11291, 0;2, 11847, 0;3, 11283, 0;
1787238260.060328988 0, 10761, 0;1, 11291, 0;2, 11847, 0;3, 11283, 0;
1787238263.183964203 0, 10761, 0;1, 11291, 0;2, 11847, 0;3, 11283, 0;
1787238266.900565976 0, 10761, 0;1, 11291, 0;2, 11847, 0;3, 11283, 0;
1787238269.602535739 0, 10761, 0;1, 11291, 0;2, 11847, 0;3, 11283, 0;
1787238272.711793449 0, 10761, 0;1, 11291, 0;2, 11847, 0;3, 11283, 0;
1787238276.375661829 0, 10761, 0;1, 11291, 0;2, 11847, 0;3, 11283, 0;
1787238279.910291345 0, 10761, 0;1, 11291, 0;2, 11847, 0;3, 11283, 0;
1787238285.055445237 0, 10761, 0;1, 11291, 0;2, 11847, 0;3, 11283, 0;
1787238288.654424774 0, 10761, 0;1, 11291, 0;2, 11847, 0;3, 11283, 0;
1787238291.998213126 0, 10761, 0;1, 11291, 0;2, 11847, 0;3, 11283, 0;
1787238295.661879550 0, 10761, 0;1, 11291, 0;2, 11847, 0;3, 11283, 0;
1787238298.679925193 0, 10761, 0;1, 11291, 0;2, 11847, 0;3, 11283, 0;
1787238301.356691498 0, 10761, 0;1, 11291, 0;2, 11847, 0;3, 11283, 0;
1787238304.020358468 0, 10761, 0;1, 11291, 0;2, 11847, 0;3, 11283, 0;
1787238307.506284037 0, 10761, 0;1, 11291, 0;2, 11847, 0;3, 11283, 0;
1787238310.862257476 0, 10761, 0;1, 11291, 0;2, 11847, 0;3, 11283, 0;
1787238315.008709617 0, 10761, 0;1, 11291, 0;2, 11847, 0;3, 11283, 0;
1787238317.697933081 0, 10761, 0;1, 11291, 0;2, 11847, 0;3, 11283, 0;
1787238321.715472775 0, 10761, 0;1, 11291, 0;2, 11847, 0;3, 11283, 0;
1787238324.402399375 0, 10761, 0;1, 11291, 0;2, 11847, 0;3, 11283, 0;
1787238327.070653975 0, 10761, 0;1, 11291, 0;2, 11847, 0;3, 11283, 0;
1787238331.151541288 0, 10761, 0;1, 11291, 0;2, 11847, 0;3, 11283, 0;
1787238333.842722917 0, 10761, 0;1, 11291, 0;2, 11847, 0;3, 11283, 0;
1787238336.535551735 0, 10761, 0;1, 11291, 0;2, 11847, 0;3, 11283, 0;
1787238339.826352626 0, 10761, 0;1, 11291, 0;2, 11847, 0;3, 11283, 0;
1787238343.394633536 0, 10761, 0;1, 11291, 0;2, 11847, 0;3, 11283, 0;
1787238346.071828657 0, 10761, 0;1, 11291, 0;2, 11847, 0;3, 11283, 0;
1787238349.936474002 0, 10761, 0;1, 11291, 0;2, 11847, 0;3, 11283, 0;
1787238352.893664478 0, 10761, 0;1, 11291, 0;2, 11847, 0;3, 11283, 0;
1787238356.978572332 0, 10761, 0;1, 11291, 0;2, 11847, 0;3, 11283, 0;
1787238359.690310596 0, 10761, 0;1, 11291, 0;2, 11847, 0;3, 11283, 0;
1787238362.531442984 0, 10761, 0;1, 11291, 0;2, 11847, 0;3, 11283, 0;
1787238366.558538018 0, 10761, 0;1, 11291, 0;2, 11847, 0;3, 11283, 0;
1787238369.915171749 0, 10761, 0;1, 11291, 0;2, 11847, 0;3, 11283, 0;
1787238373.174925955 0, 10761, 0;1, 11291, 0;2, 11847, 0;3, 11283, 0;
1787238376.222094217 0, 10761, 0;1, 11291, 0;2, 11847, 0;3, 11283, 0;
1787238379.499704166 0, 10761, 0;1, 11291, 0;2, 11847, 0;3, 11283, 0;
1787238383.072957659 0, 10761, 0;1, 11291, 0;2, 11847, 0;3, 11283, 0;
1787238385.769409114 0, 10761, 0;1, 11291, 0;2, 11847, 0;3, 11283, 0;
1787238388.893018795 0, 10761, 0;1, 11291, 0;2, 11847, 0;3, 11283, 0;
1787238392.630676372 0, 10761, 0;1, 11291, 0;2, 11847, 0;3, 11283, 0;
1787238395.369105091 0, 10761, 0;1, 11291, 0;2, 11847, 0;3, 11283, 0;
1787238398.072125446 0, 10761, 0;1, 11291, 0;2, 11847, 0;3, 11283, 0;
1787238400.764021586 0, 10761, 0;1, 11291, 0;2, 11847, 0;3, 11283, 0;
1787238403.469704368 0, 10761, 0;1, 11291, 0;2, 11847, 0;3, 11283, 0;
1787238407.605930295 0, 10761, 0;1, 11291, 0;2, 11847, 0;3, 11283, 0;
1787238410.299930121 0, 10761, 0;1, 11291, 0;2, 11847, 0;3, 11283, 0;
1787238412.954830923 0, 10761, 0;1, 11291, 0;2, 11847, 0;3, 11283, 0;
1787238417.060411226 0, 10761, 0;1, 11291, 0;2, 11847, 0;3, 11283, 0;
1787238419.728766150 0, 10761, 0;1, 11291, 0;2, 11847, 0;3, 11283, 0;
1787238425.405503152 0, 10761, 0;1, 11291, 0;2, 11847, 0;3, 11283, 0;
1787238429.091986540 0, 10761, 0;1, 11291, 0;2, 11847, 0;3, 11283, 0;
1787238431.863830694 0, 10761, 0;1, 11291, 0;2, 11847, 0;3, 11283, 0;
1787238435.802044422 0, 10761, 0;1, 11291, 0;2, 11847, 0;3, 11283, 0;
1787238438.859458951 0, 10761, 0;1, 11291, 0;2, 11847, 0;3, 11283, 0;
1787238441.567210599 0, 10761, 0;1, 11291, 0;2, 11847, 0;3, 11283, 0;
1787238444.489519504 0, 10761, 0;1, 11291, 0;2, 11847, 0;3, 11283, 0;
1787238447.545458811 0, 10761, 0;1, 11291, 0;2, 11847, 0;3, 11283, 0;
1787238450.761266983 0, 10761, 0;1, 11291, 0;2, 11847, 0;3, 11283, 0;
1787238453.834641074 0, 10761, 0;1, 11291, 0;2, 11847, 0;3, 11283, 0;
1787238456.523155604 0, 10761, 0;1, 11291, 0;2, 11847, 0;3, 11283, 0;
1787238459.815328618 0, 10761, 0;1, 11291, 0;2, 11847, 0;3, 11283, 0;
1787238463.399436080 0, 10761, 0;1, 11291, 0;2, 11847, 0;3, 11283, 0;
1787238466.084129462 0, 10761, 0;1, 11291, 0;2, 11847, 0;3, 11283, 0;
1787238469.396810057 0, 10761, 0;1, 11291, 0;2, 11847, 0;3, 11283, 0;
1787238472.985356687 0, 10761, 0;1, 11291, 0;2, 11847, 0;3, 11283, 0;
1787238475.987705010 0, 10761, 0;1, 11291, 0;2, 11847, 0;3, 11283, 0;
1787238479.831173332 0, 10761, 0;1, 11291, 0;2, 11847, 0;3, 11283, 0;
1787238482.525063586 0, 10761, 0;1, 11291, 0;2, 11847, 0;3, 11283, 0;
1787238486.614561055 0, 10761, 0;1, 11291, 0;2, 11847, 0;3, 11283, 0;
1787238489.297226182 0, 10761, 0;1, 11291, 0;2, 11847, 0;3, 11283, 0;
1787238493.344605490 0, 10761, 0;1, 11291, 0;2, 11847, 0;3, 11283, 0;
1787238496.033399353 0, 10761, 0;1, 11291, 0;2, 11847, 0;3, 11283, 0;
1787238500.157755649 0, 10761, 0;1, 11291, 0;2, 11847, 0;3, 11283, 0;
1787238502.811358262 0, 10761, 0;1, 11291, 0;2, 11847, 0;3, 11283, 0;
1787238506.334355395 0, 10761, 0;1, 11291, 0;2, 11847, 0;3, 11283, 0;
1787238509.589103038 0, 10761, 0;1, 11291, 0;2, 11847, 0;3, 11283, 0;
1787238513.245173667 0, 10761, 0;1, 11291, 0;2, 11847, 0;3, 11283, 0;
1787238516.380498333 0, 10761, 0;1, 11291, 0;2, 11847, 0;3, 11283, 0;
1787238519.059476515 0, 10761, 0;1, 11291, 0;2, 11847, 0;3, 11283, 0;
1787238522.355107834 0, 10761, 0;1, 11291, 0;2, 11847, 0;3, 11283, 0;
1787238526.721720995 0, 10761, 0;1, 11291, 0;2, 11847, 0;3, 11283, 0;
1787238530.253548750 0, 10761, 0;1, 11291, 0;2, 11847, 0;3, 11283, 0;
1787238533.515550451 0, 10761, 0;1, 11291, 0;2, 11847, 0;3, 11283, 0;
1787238537.024162759 0, 10761, 0;1, 11291, 0;2, 11847, 0;3, 11283, 0;
1787238540.587587512 0, 10761, 0;1, 11291, 0;2, 11847, 0;3, 11283, 0;
1787238543.818314279 0, 10761, 0;1, 11291, 0;2, 11847, 0;3, 11283, 0;
1787238547.081086761 0, 10761, 0;1, 11291, 0;2, 11847, 0;3, 11283, 0;
1787238550.619641841 0, 10761, 0;1, 11291, 0;2, 11847, 0;3, 11283, 0;
1787238554.168752700 0, 10761, 0;1, 11291, 0;2, 11847, 0;3, 11283, 0;
1787238557.446781084 0, 10761, 0;1, 11291, 0;2, 11847, 0;3, 11283, 0;
1787238561.283990550 0, 10761, 0;1, 11291, 0;2, 11847, 0;3, 11283, 0;
1787238564.267004995 0, 10761, 0;1, 11291, 0;2, 11847, 0;3, 11283, 0;
1787238566.964276485 0, 10761, 0;1, 11291, 0;2, 11847, 0;3, 11283, 0;
1787238571.090513958 0, 10761, 0;1, 11291, 0;2, 11847, 0;3, 11283, 0;
1787238573.801937218 0, 10761, 0;1, 11291, 0;2, 11847, 0;3, 11283, 0;
1787238577.966285566 0, 10761, 0;1, 11291, 0;2, 11847, 0;3, 11283, 0;
1787238580.666169263 0, 10761, 0;1, 11291, 0;2, 11847, 0;3, 11283, 0;
1787238584.763443289 0, 10761, 0;1, 11291, 0;2, 11847, 0;3, 11283, 0;
1787238587.437910193 0, 10761, 0;1, 11291, 0;2, 11847, 0;3, 11283, 0;
1787238590.118779359 0, 10761, 0;1, 11291, 0;2, 11847, 0;3, 11283, 0;
1787238594.224362787 0, 10761, 0;1, 11291, 0;2, 11847, 0;3, 11283, 0;
1787238596.904801239 0, 10761, 0;1, 11291, 0;2, 11847, 0;3, 11283, 0;
1787238600.601102095 0, 10761, 0;1, 11291, 0;2, 11847, 0;3, 11283, 0;
1787238604.752758894 0, 10761, 0;1, 11291, 0;2, 11847, 0;3, 11283, 0;
1787238607.987688544 0, 10761, 0;1, 11291, 0;2, 11847, 0;3, 11283, 0;
1787238610.841695811 0, 10761, 0;1, 11291, 0;2, 11847, 0;3, 11283, 0;
1787238614.811806885 0, 10761, 0;1, 11291, 0;2, 11847, 0;3, 11283, 0;
1787238617.487821682 0, 10761, 0;1, 11291, 0;2, 11847, 0;3, 11283, 0;
1787238621.627849163 0, 10761, 0;1, 11291, 0;2, 11847, 0;3, 11283, 0;
1787238624.330989686 0, 10761, 0;1, 11291, 0;2, 11847, 0;3, 11283, 0;
1787238627.022873583 0, 10761, 0;1, 11291, 0;2, 11847, 0;3, 11283, 0;
1787238631.093908303 0, 10761, 0;1, 11291, 0;2, 11847, 0;3, 11283, 0;
1787238633.774187928 0, 10761, 0;1, 11291, 0;2, 11847, 0;3, 11283, 0;
1787238636.451134399 0, 10761, 0;1, 11291, 0;2, 11847, 0;3, 11283, 0;
1787238640.018984648 0, 10761, 0;1, 11291, 0;2, 11847, 0;3, 11283, 0;
1787238643.303096808 0, 10761, 0;1, 11291, 0;2, 11847, 0;3, 11283, 0;
1787238645.981680777 0, 10761, 0;1, 11291, 0;2, 11847, 0;3, 11283, 0;
1787238650.006439610 0, 10761, 0;1, 11291, 0;2, 11847, 0;3, 11283, 0;
1787238652.688222395 0, 10761, 0;1, 11291, 0;2, 11847, 0;3, 11283, 0;
1787238656.503556210 0, 10761, 0;1, 11291, 0;2, 11847, 0;3, 11283, 0;
1787238659.440332611 0, 10761, 0;1, 11291, 0;2, 11847, 0;3, 11283, 0;
1787238663.275059184 0, 10761, 0;1, 11291, 0;2, 11847, 0;3, 11283, 0;
1787238666.145319818 0, 10761, 0;1, 11291, 0;2, 11847, 0;3, 11283, 0;
1787238670.139626660 0, 10761, 0;1, 11291, 0;2, 11847, 0;3, 11283, 0;
1787238672.808210168 0, 10761, 0;1, 11291, 0;2, 11847, 0;3, 11283, 0;
1787238677.453887110 0, 10761, 0;1, 11291, 0;2, 11847, 0;3, 11283, 0;
1787238680.757326734 0, 10761, 0;1, 11291, 0;2, 11847, 0;3, 11283, 0;
1787238683.864506184 0, 10761, 0;1, 11291, 0;2, 11847, 0;3, 11283, 0;
1787238686.561009618 0, 10761, 0;1, 11291, 0;2, 11847, 0;3, 11283, 0;
1787238689.472303863 0, 10761, 0;1, 11291, 0;2, 11847, 0;3, 11283, 0;
1787238693.389536859 0, 10761, 0;1, 11291, 0;2, 11847, 0;3, 11283, 0;
1787238696.045307147 0, 10761, 0;1, 11291, 0;2, 11847, 0;3, 11283, 0;
1787238699.603844257 0, 10761, 0;1, 11291, 0;2, 11847, 0;3, 11283, 0;
1787238702.886257417 0, 10761, 0;1, 11291, 0;2, 11847, 0;3, 11283, 0;
1787238706.728637133 0, 10761, 0;1, 11291, 0;2, 11847, 0;3, 11283, 0;
1787238709.839338838 0, 10761, 0;1, 11291, 0;2, 11847, 0;3, 11283, 0;
1787238715.434496545 0, 10761, 0;1, 11291, 0;2, 11847, 0;3, 11283, 0;
1787238718.170670815 0, 10761, 0;1, 11291, 0;2, 11847, 0;3, 11283, 0;
1787238720.940659984 0, 10761, 0;1, 11291, 0;2, 11847, 0;3, 11283, 0;
1787238723.599204359 0, 10761, 0;1, 11291, 0;2, 11847, 0;3, 11283, 0;
1787238727.672154471 0, 10761, 0;1, 11291, 0;2, 11847, 0;3, 11283, 0;
1787238730.381694232 0, 10761, 0;1, 11291, 0;2, 11847, 0;3, 11283, 0;
1787238733.368937391 0, 10761, 0;1, 11291, 0;2, 11847, 0;3, 11283, 0;
1787238737.219765912 0, 10761, 0;1, 11291, 0;2, 11847, 0;3, 11283, 0;
1787238739.892891875 0, 10761, 0;1, 11291, 0;2, 11847, 0;3, 11283, 0;
1787238742.548861037 0, 10761, 0;1, 11291, 0;2, 11847, 0;3, 11283, 0;
1787238746.576168565 0, 10761, 0;1, 11291, 0;2, 11847, 0;3, 11283, 0;
1787238749.240227795 0, 10761, 0;1, 11291, 0;2, 11847, 0;3, 11283, 0;
1787238753.061294232 0, 10761, 0;1, 11291, 0;2, 11847, 0;3, 11283, 0;
1787238756.684496564 0, 10761, 0;1, 11291, 0;2, 11847, 0;3, 11283, 0;
1787238759.747756713 0, 10761, 0;1, 11291, 0;2, 11847, 0;3, 11283, 0;
1787238762.866989035 0, 10761, 0;1, 11291, 0;2, 11847, 0;3, 11283, 0;
1787238766.406483082 0, 10761, 0;1, 11291, 0;2, 11847, 0;3, 11283, 0;
1787238769.645781247 0, 10761, 0;1, 11291, 0;2, 11847, 0;3, 11283, 0;
1787238772.332612957 0, 10761, 0;1, 11291, 0;2, 11847, 0;3, 11283, 0;
1787238774.986514333 0, 10761, 0;1, 11291, 0;2, 11847, 0;3, 11283, 0;
1787238778.110412813 0, 10761, 0;1, 11291, 0;2, 11847, 0;3, 11283, 0;
1787238781.811682744 0, 10761, 0;1, 11291, 0;2, 11847, 0;3, 11283, 0;
1787238784.362295263 0, 10761, 0;1, 11291, 0;2, 11847, 0;3, 11283, 0;
1787238788.205592257 0, 10761, 0;1, 11291, 0;2, 11847, 0;3, 11283, 0;
1787238790.904862015 0, 10761, 0;1, 11291, 0;2, 11847, 0;3, 11283, 0;
1787238794.687234743 0, 10761, 0;1, 11291, 0;2, 11847, 0;3, 11283, 0;
1787238797.702119084 0, 10761, 0;1, 11291, 0;2, 11847, 0;3, 11283, 0;
1787238800.391477256 0, 10761, 0;1, 11291, 0;2, 11847, 0;3, 11283, 0;
1787238803.064160931 0, 10761, 0;1, 11291, 0;2, 11847, 0;3, 11283, 0;
1787238807.183866899 0, 10761, 0;1, 11291, 0;2, 11847, 0;3, 11283, 0;
1787238809.875691571 0, 10761, 0;1, 11291, 0;2, 11847, 0;3, 11283, 0;
1787238813.544633581 0, 10761, 0;1, 11291, 0;2, 11847, 0;3, 11283, 0;
1787238816.692247906 0, 10761, 0;1, 11291, 0;2, 11847, 0;3, 11283, 0;
1787238820.762528988 0, 10761, 0;1, 11291, 0;2, 11847, 0;3, 11283, 0;
1787238823.461539819 0, 10761, 0;1, 11291, 0;2, 11847, 0;3, 11283, 0;
1787238826.950396970 0, 10761, 0;1, 11291, 0;2, 11847, 0;3, 11283, 0;
1787238830.141944706 0, 10761, 0;1, 11291, 0;2, 11847, 0;3, 11283, 0;
1787238836.209590862 0, 10761, 0;1, 11291, 0;2, 11847, 0;3, 11283, 0;
1787238840.194716954 0, 10761, 0;1, 11291, 0;2, 11847, 0;3, 11283, 0;
1787238843.804770028 0, 10761, 0;1, 11291, 0;2, 11847, 0;3, 11283, 0;
1787238846.509182348 0, 10761, 0;1, 11291, 0;2, 11847, 0;3, 11283, 0;
1787238850.263874240 0, 10761, 0;1, 11291, 0;2, 11847, 0;3, 11283, 0;
1787238852.924455668 0, 10761, 0;1, 11291, 0;2, 11847, 0;3, 11283, 0;
1787238856.853955453 0, 10761, 0;1, 11291, 0;2, 11847, 0;3, 11283, 0;
1787238859.598795663 0, 10761, 0;1, 11291, 0;2, 11847, 0;3, 11283, 0;
1787238863.461163139 0, 10761, 0;1, 11291, 0;2, 11847, 0;3, 11283, 0;
1787238866.225995242 0, 10761, 0;1, 11291, 0;2, 11847, 0;3, 11283, 0;
1787238870.254556571 0, 10761, 0;1, 11291, 0;2, 11847, 0;3, 11283, 0;
1787238873.018325934 0, 10761, 0;1, 11291, 0;2, 11847, 0;3, 11283, 0;
1787238875.677465030 0, 10761, 0;1, 11291, 0;2, 11847, 0;3, 11283, 0;
1787238879.393997524 0, 10761, 0;1, 11291, 0;2, 11847, 0;3, 11283, 0;
1787238882.143514881 0, 10761, 0;1, 11291, 0;2, 11847, 0;3, 11283, 0;
1787238885.964301088 0, 10761, 0;1, 11291, 0;2, 11847, 0;3, 11283, 0;
1787238888.690621293 0, 10761, 0;1, 11291, 0;2, 11847, 0;3, 11283, 0;
1787238892.790943860 0, 10761, 0;1, 11291, 0;2, 11847, 0;3, 11283, 0;
1787238895.839994844 0, 10761, 0;1, 11291, 0;2, 11847, 0;3, 11283, 0;
1787238899.456350475 0, 10761, 0;1, 11291, 0;2, 11847, 0;3, 11283, 0;
1787238903.276060343 0, 10761, 0;1, 11291, 0;2, 11847, 0;3, 11283, 0;
1787238906.800038153 0, 10761, 0;1, 11291, 0;2, 11847, 0;3, 11283, 0;
1787238910.675564236 0, 10761, 0;1, 11291, 0;2, 11847, 0;3, 11283, 0;
1787238913.820045484 0, 10761, 0;1, 11291, 0;2, 11847, 0;3, 11283, 0;
1787238917.252840136 0, 10761, 0;1, 11291, 0;2, 11847, 0;3, 11283, 0;
1787238921.350235040 0, 10761, 0;1, 11291, 0;2, 11847, 0;3, 11283, 0;
1787238924.119903782 0, 10761, 0;1, 11291, 0;2, 11847, 0;3, 11283, 0;
1787238928.046406518 0, 10761, 0;1, 11291, 0;2, 11847, 0;3, 11283, 0;
1787238930.854533976 0, 10761, 0;1, 11291, 0;2, 11847, 0;3, 11283, 0;
1787238936.627192425 0, 10761, 0;1, 11291, 0;2, 11847, 0;3, 11283, 0;
1787238940.746499772 0, 10761, 0;1, 11291, 0;2, 11847, 0;3, 11283, 0;
1787238944.657193310 0, 10761, 0;1, 11291, 0;2, 11847, 0;3, 11283, 0;
1787238947.407213372 0, 10761, 0;1, 11291, 0;2, 11847, 0;3, 11283, 0;
1787238951.461916056 0, 10761, 0;1, 11291, 0;2, 11847, 0;3, 11283, 0;
1787238954.188294946 0, 10761, 0;1, 11291, 0;2, 11847, 0;3, 11283, 0;
1787238958.197350242 0, 10761, 0;1, 11291, 0;2, 11847, 0;3, 11283, 0;
1787238960.929547567 0, 10761, 0;1, 11291, 0;2, 11847, 0;3, 11283, 0;
1787238964.807118465 0, 10761, 0;1, 11291, 0;2, 11847, 0;3, 11283, 0;
1787238967.738100322 0, 10761, 0;1, 11291, 0;2, 11847, 0;3, 11283, 0;
1787238971.550721735 0, 10761, 0;1, 11291, 0;2, 11847, 0;3, 11283, 0;
1787238974.415542782 0, 10761, 0;1, 11291, 0;2, 11847, 0;3, 11283, 0;
1787238978.193900849 0, 10761, 0;1, 11291, 0;2, 11847, 0;3, 11283, 0;
1787238980.891540918 0, 10761, 0;1, 11291, 0;2, 11847, 0;3, 11283, 0;
1787238984.620786183 0, 10761, 0;1, 11291, 0;2, 11847, 0;3, 11283, 0;
1787238988.087957445 0, 10761, 0;1, 11291, 0;2, 11847, 0;3, 11283, 0;
1787238991.319050224 0, 10761, 0;1, 11291, 0;2, 11847, 0;3, 11283, 0;
1787238994.657477694 0, 10761, 0;1, 11291, 0;2, 11847, 0;3, 11283, 0;
1787238997.367264534 0, 10761, 0;1, 11291, 0;2, 11847, 0;3, 11283, 0;
1787239001.488069218 0, 10761, 0;1, 11291, 0;2, 11847, 0;3, 11283, 0;
1787239004.214791188 0, 10761, 0;1, 11291, 0;2, 11847, 0;3, 11283, 0;
1787239008.276783236 0, 10761, 0;1, 11291, 0;2, 11847, 0;3, 11283, 0;
1787239010.996354393 0, 10761, 0;1, 11291, 0;2, 11847, 0;3, 11283, 0;
1787239014.389063766 0, 10761, 0;1, 11291, 0;2, 11847, 0;3, 11283, 0;
1787239016.979119970 0, 10761, 0;1, 11291, 0;2, 11847, 0;3, 11283, 0;
1787239020.411911352 0, 10761, 0;1, 11291, 0;2, 11847, 0;3, 11283, 0;
1787239024.274877320 0, 10761, 0;1, 11291, 0;2, 11847, 0;3, 11283, 0;
1787239028.049981476 0, 10761, 0;1, 11291, 0;2, 11847, 0;3, 11283, 0;
1787239030.778652386 0, 10761, 0;1, 11291, 0;2, 11847, 0;3, 11283, 0;
1787239034.960210209 0, 10761, 0;1, 11291, 0;2, 11847, 0;3, 11283, 0;
1787239037.690777245 0, 10761, 0;1, 11291, 0;2, 11847, 0;3, 11283, 0;
1787239041.629179900 0, 10761, 0;1, 11291, 0;2, 11847, 0;3, 11283, 0;
1787239044.330691704 0, 10761, 0;1, 11291, 0;2, 11847, 0;3, 11283, 0;
1787239048.360146965 0, 10761, 0;1, 11291, 0;2, 11847, 0;3, 11283, 0;
1787239051.070784701 0, 10761, 0;1, 11291, 0;2, 11847, 0;3, 11283, 0;
1787239053.757813123 0, 10761, 0;1, 11291, 0;2, 11847, 0;3, 11283, 0;
1787239057.066724316 0, 10761, 0;1, 11291, 0;2, 11847, 0;3, 11283, 0;
1787239060.624930713 0, 10761, 0;1, 11291, 0;2, 11847, 0;3, 11283, 0;
1787239063.626998387 0, 10761, 0;1, 11291, 0;2, 11847, 0;3, 11283, 0;
1787239066.691410313 0, 10761, 0;1, 11291, 0;2, 11847, 0;3, 11283, 0;
1787239069.839253264 0, 10761, 0;1, 11291, 0;2, 11847, 0;3, 11283, 0;
1787239072.989727840 0, 10761, 0;1, 11291, 0;2, 11847, 0;3, 11283, 0;
1787239075.988253870 0, 10761, 0;1, 11291, 0;2, 11847, 0;3, 11283, 0;
1787239079.819011573 0, 10761, 0;1, 11291, 0;2, 11847, 0;3, 11283, 0;
1787239082.494867355 0, 10761, 0;1, 11291, 0;2, 11847, 0;3, 11283, 0;
1787239085.154669131 0, 10761, 0;1, 11291, 0;2, 11847, 0;3, 11283, 0;
1787239089.235387871 0, 10761, 0;1, 11291, 0;2, 11847, 0;3, 11283, 0;
1787239091.927539827 0, 10761, 0;1, 11291, 0;2, 11847, 0;3, 11283, 0;
1787239094.617385942 0, 10761, 0;1, 11291, 0;2, 11847, 0;3, 11283, 0;
1787239098.743001809 0, 10761, 0;1, 11291, 0;2, 11847, 0;3, 11283, 0;
1787239101.430372508 0, 10761, 0;1, 11291, 0;2, 11847, 0;3, 11283, 0;
1787239104.098915650 0, 10761, 0;1, 11291, 0;2, 11847, 0;3, 11283, 0;
1787239107.319299194 0, 10761, 0;1, 11291, 0;2, 11847, 0;3, 11283, 0;
1787239110.842421318 0, 10761, 0;1, 11291, 0;2, 11847, 0;3, 11283, 0;
1787239114.936587476 0, 10761, 0;1, 11291, 0;2, 11847, 0;3, 11283, 0;
1787239117.626934739 0, 10761, 0;1, 11291, 0;2, 11847, 0;3, 11283, 0;
1787239121.289000229 0, 10761, 0;1, 11291, 0;2, 11847, 0;3, 11283, 0;
1787239124.453911538 0, 10761, 0;1, 11291, 0;2, 11847, 0;3, 11283, 0;
1787239127.129630100 0, 10761, 0;1, 11291, 0;2, 11847, 0;3, 11283, 0;
1787239131.218687603 0, 10761, 0;1, 11291, 0;2, 11847, 0;3, 11283, 0;
1787239133.894499939 0, 10761, 0;1, 11291, 0;2, 11847, 0;3, 11283, 0;
1787239136.520143448 0, 10761, 0;1, 11291, 0;2, 11847, 0;3, 11283, 0;
1787239140.041664199 0, 10761, 0;1, 11291, 0;2, 11847, 0;3, 11283, 0;
1787239144.282012765 0, 10761, 0;1, 11291, 0;2, 11847, 0;3, 11283, 0;
1787239147.993446973 0, 10761, 0;1, 11291, 0;2, 11847, 0;3, 11283, 0;
1787239150.864094136 0, 10761, 0;1, 11291, 0;2, 11847, 0;3, 11283, 0;
1787239154.970390563 0, 10761, 0;1, 11291, 0;2, 11847, 0;3, 11283, 0;
1787239157.654405877 0, 10761, 0;1, 11291, 0;2, 11847, 0;3, 11283, 0;
1787239160.631219229 0, 10761, 0;1, 11291, 0;2, 11847, 0;3, 11283, 0;
1787239164.496752518 0, 10761, 0;1, 11291, 0;2, 11847, 0;3, 11283, 0;
1787239167.161030252 0, 10761, 0;1, 11291, 0;2, 11847, 0;3, 11283, 0;
1787239169.853619189 0, 10761, 0;1, 11291, 0;2, 11847, 0;3, 11283, 0;
1787239173.962716949 0, 10761, 0;1, 11291, 0;2, 11847, 0;3, 11283, 0;
1787239176.643562340 0, 10761, 0;1, 11291, 0;2, 11847, 0;3, 11283, 0;
1787239180.153818522 0, 10761, 0;1, 11291, 0;2, 11847, 0;3, 11283, 0;
1787239183.368335849 0, 10761, 0;1, 11291, 0;2, 11847, 0;3, 11283, 0;
1787239186.030980743 0, 10761, 0;1, 11291, 0;2, 11847, 0;3, 11283, 0;
1787239190.121300446 0, 10761, 0;1, 11291, 0;2, 11847, 0;3, 11283, 0;
1787239192.806465685 0, 10761, 0;1, 11291, 0;2, 11847, 0;3, 11283, 0;
1787239196.657050936 0, 10761, 0;1, 11291, 0;2, 11847, 0;3, 11283, 0;
1787239199.636948760 0, 10761, 0;1, 11291, 0;2, 11847, 0;3, 11283, 0;
1787239203.149414951 0, 10761, 0;1, 11291, 0;2, 11847, 0;3, 11283, 0;
1787239206.296072826 0, 10761, 0;1, 11291, 0;2, 11847, 0;3, 11283, 0;
1787239210.131197422 0, 10761, 0;1, 11291, 0;2, 11847, 0;3, 11283, 0;
1787239213.102260905 0, 10761, 0;1, 11291, 0;2, 11847, 0;3, 11283, 0;
1787239216.522868922 0, 10761, 0;1, 11291, 0;2, 11847, 0;3, 11283, 0;
1787239220.512336237 0, 10761, 0;1, 11291, 0;2, 11847, 0;3, 11283, 0;
1787239223.751368246 0, 10761, 0;1, 11291, 0;2, 11847, 0;3, 11283, 0;
1787239227.009588147 0, 10761, 0;1, 11291, 0;2, 11847, 0;3, 11283, 0;
1787239230.861080691 0, 10761, 0;1, 11291, 0;2, 11847, 0;3, 11283, 0;
1787239233.865959561 0, 10761, 0;1, 11291, 0;2, 11847, 0;3, 11283, 0;
1787239236.851122068 0, 10761, 0;1, 11291, 0;2, 11847, 0;3, 11283, 0;
1787239240.693919004 0, 10761, 0;1, 11291, 0;2, 11847, 0;3, 11283, 0;
1787239243.399114799 0, 10761, 0;1, 11291, 0;2, 11847, 0;3, 11283, 0;
1787239247.276581830 0, 10761, 0;1, 11291, 0;2, 11847, 0;3, 11283, 0;
1787239250.243420036 0, 10761, 0;1, 11291, 0;2, 11847, 0;3, 11283, 0;
1787239254.056533730 0, 10761, 0;1, 11291, 0;2, 11847, 0;3, 11283, 0;
1787239256.997433393 0, 10761, 0;1, 11291, 0;2, 11847, 0;3, 11283, 0;
1787239259.693024842 0, 10761, 0;1, 11291, 0;2, 11847, 0;3, 11283, 0;
1787239263.777058460 0, 10761, 0;1, 11291, 0;2, 11847, 0;3, 11283, 0;
1787239266.499320906 0, 10761, 0;1, 11291, 0;2, 11847, 0;3, 11283, 0;
1787239269.450234144 0, 10761, 0;1, 11291, 0;2, 11847, 0;3, 11283, 0;
1787239273.234860910 0, 10761, 0;1, 11291, 0;2, 11847, 0;3, 11283, 0;
1787239275.924156818 0, 10761, 0;1, 11291, 0;2, 11847, 0;3, 11283, 0;
1787239278.570644540 0, 10761, 0;1, 11291, 0;2, 11847, 0;3, 11283, 0;
1787239281.255152718 0, 10761, 0;1, 11291, 0;2, 11847, 0;3, 11283, 0;
1787239285.102593358 0, 10761, 0;1, 11291, 0;2, 11847, 0;3, 11283, 0;
1787239288.075634807 0, 10761, 0;1, 11291, 0;2, 11847, 0;3, 11283, 0;
1787239290.782495776 0, 10761, 0;1, 11291, 0;2, 11847, 0;3, 11283, 0;
1787239295.368889723 0, 10761, 0;1, 11291, 0;2, 11847, 0;3, 11283, 0;
1787239299.722527440 0, 10761, 0;1, 11291, 0;2, 11847, 0;3, 11283, 0;
1787239304.639859562 0, 10761, 0;1, 11291, 0;2, 11847, 0;3, 11283, 0;
1787239307.502303817 0, 10761, 0;1, 11291, 0;2, 11847, 0;3, 11283, 0;
1787239310.196413735 0, 10761, 0;1, 11291, 0;2, 11847, 0;3, 11283, 0;
1787239312.902209090 0, 10761, 0;1, 11291, 0;2, 11847, 0;3, 11283, 0;
1787239316.740481786 0, 10761, 0;1, 11291, 0;2, 11847, 0;3, 11283, 0;
1787239319.719744516 0, 10761, 0;1, 11291, 0;2, 11847, 0;3, 11283, 0;
1787239323.319289297 0, 10761, 0;1, 11291, 0;2, 11847, 0;3, 11283, 0;
1787239326.603295508 0, 10761, 0;1, 11291, 0;2, 11847, 0;3, 11283, 0;
1787239329.563644287 0, 10761, 0;1, 11291, 0;2, 11847, 0;3, 11283, 0;
1787239333.354780969 0, 10761, 0;1, 11291, 0;2, 11847, 0;3, 11283, 0;
1787239336.017495791 0, 10761, 0;1, 11291, 0;2, 11847, 0;3, 11283, 0;
1787239340.128958719 0, 10761, 0;1, 11291, 0;2, 11847, 0;3, 11283, 0;
1787239342.852315036 0, 10761, 0;1, 11291, 0;2, 11847, 0;3, 11283, 0;
1787239345.838861400 0, 10761, 0;1, 11291, 0;2, 11847, 0;3, 11283, 0;
1787239349.665685445 0, 10761, 0;1, 11291, 0;2, 11847, 0;3, 11283, 0;
1787239352.349507126 0, 10761, 0;1, 11291, 0;2, 11847, 0;3, 11283, 0;
1787239355.839279537 0, 10761, 0;1, 11291, 0;2, 11847, 0;3, 11283, 0;
