1787242199.304483069 0, 36221, 0;1, 32201, 0;2, 21343, 0;3, 13557, 0;
1787242202.430785232 0, 36477, 13;1, 32493, 0;2, 21655, 4;3, 13811, 0;
1787242207.303189042 0, 36479, 11;1, 32707, 11;2, 22477, 20;3, 14115, 17;
1787242211.056393152 0, 36479, 19;1, 32921, 2;2, 22723, 0;3, 14117, 48;
1787242213.640543667 0, 36479, 76;1, 32923, 77;2, 23123, 87;3, 14183, 40;
1787242216.289178526 0, 36479, 90;1, 32923, 85;2, 23237, 89;3, 14183, 75;
1787242218.833298468 0, 36479, 93;1, 33375, 99;2, 23463, 94;3, 14183, 33;
1787242221.840619278 0, 36943, 6;1, 33487, 30;2, 23639, 54;3, 14247, 15;
1787242225.697187235 0, 37341, 57;1, 33487, 46;2, 24087, 89;3, 14247, 47;
1787242228.382821062 0, 37469, 83;1, 33711, 99;2, 24311, 19;3, 14247, 11;
1787242231.182807208 0, 37469, 0;1, 33711, 13;2, 24535, 3;3, 14247, 7;
1787242234.501221934 0, 37469, 6;1, 33825, 15;2, 25235, 3;3, 14247, 5;
1787242238.761465655 0, 37469, 13;1, 34073, 60;2, 25627, 43;3, 14247, 13;
1787242241.778339257 0, 37469, 6;1, 34073, 13;2, 25773, 4;3, 14247, 4;
1787242245.044105213 0, 37469, 0;1, 34073, 23;2, 25993, 16;3, 14247, 25;
1787242248.695142014 0, 37469, 90;1, 34281, 98;2, 25993, 99;3, 14247, 73;
1787242251.294935207 0, 37505, 0;1, 34281, 28;2, 25993, 14;3, 14247, 20;
1787242254.891433274 0, 37523, 99;1, 34281, 97;2, 25881, 93;3, 14247, 52;
1787242257.630400806 0, 38055, 6;1, 34281, 0;2, 25881, 0;3, 14247, 0;
1787242261.138363856 0, 38683, 28;1, 34281, 12;2, 25881, 15;3, 14247, 0;
1787242265.291304063 0, 39191, 10;1, 34281, 59;2, 25321, 41;3, 14247, 0;
1787242268.013321194 0, 39319, 99;1, 34281, 98;2, 25209, 18;3, 14247, 0;
1787242270.689593846 0, 39361, 11;1, 34281, 0;2, 24761, 25;3, 14247, 0;
1787242274.442844806 0, 40349, 7;1, 34281, 15;2, 24649, 10;3, 14247, 0;
1787242278.186515064 0, 40575, 98;1, 34281, 72;2, 24201, 49;3, 14247, 0;
1787242280.786442015 0, 40575, 19;1, 34281, 12;2, 24201, 6;3, 14247, 0;
1787242284.451495667 0, 40875, 98;1, 34433, 71;2, 24261, 65;3, 20835, 25;
1787242286.963973175 0, 40727, 10;1, 34169, 19;2, 24089, 0;3, 22831, 10;
1787242290.635374269 0, 41353, 31;1, 34169, 5;2, 24089, 11;3, 22833, 7;
1787242294.419773177 0, 38231, 92;1, 34257, 99;2, 23529, 49;3, 22833, 25;
1787242297.016760910 0, 32919, 7;1, 34257, 14;2, 23529, 13;3, 22833, 0;
1787242300.701072929 0, 33175, 94;1, 34257, 73;2, 20559, 59;3, 19863, 0;
1787242303.298265535 0, 34071, 90;1, 34257, 99;2, 20559, 54;3, 19863, 0;
1787242306.015919839 0, 34199, 12;1, 34259, 18;2, 20559, 4;3, 19867, 7;
1787242309.980491774 0, 34199, 15;1, 34259, 69;2, 20559, 27;3, 19887, 4;
1787242312.675640733 0, 34199, 0;1, 34259, 30;2, 20559, 13;3, 20169, 29;
1787242317.538124886 0, 34199, 0;1, 34259, 21;2, 20559, 12;3, 20487, 28;
1787242321.034689002 0, 34199, 24;1, 34259, 0;2, 20559, 0;3, 20557, 0;
1787242324.305303824 0, 34199, 0;1, 34483, 15;2, 20559, 4;3, 20631, 12;
1787242328.182780339 0, 34199, 90;1, 34483, 91;2, 20559, 37;3, 20631, 30;
1787242330.783309586 0, 34047, 1;1, 34483, 10;2, 20529, 0;3, 20631, 16;
1787242334.421557503 0, 33687, 93;1, 34483, 91;2, 20447, 43;3, 20631, 28;
1787242337.311317082 0, 33431, 13;1, 34491, 23;2, 20377, 0;3, 20631, 3;
1787242340.780930176 0, 33047, 12;1, 35225, 0;2, 20335, 10;3, 20631, 7;
1787242344.542816399 0, 30231, 52;1, 35329, 88;2, 20335, 56;3, 20631, 47;
1787242347.135816991 0, 30231, 6;1, 35329, 9;2, 20317, 0;3, 20631, 0;
1787242350.722785369 0, 29975, 6;1, 35329, 7;2, 20223, 3;3, 20743, 12;
1787242354.456701523 0, 29719, 86;1, 34545, 64;2, 20223, 54;3, 20743, 52;
1787242357.091157447 0, 29719, 6;1, 29791, 9;2, 20223, 10;3, 20743, 6;
1787242360.730121514 0, 29719, 0;1, 29791, 45;2, 20223, 60;3, 20743, 12;
1787242363.305686580 0, 29719, 6;1, 29791, 17;2, 20223, 4;3, 20743, 4;
1787242366.942845077 0, 29719, 91;1, 29791, 73;2, 20223, 64;3, 20743, 15;
1787242369.545821222 0, 29591, 9;1, 29791, 13;2, 20223, 4;3, 20743, 6;
1787242373.198446767 0, 29591, 89;1, 29791, 92;2, 20223, 23;3, 20743, 62;
1787242375.783000985 0, 29591, 18;1, 29791, 14;2, 20223, 0;3, 20743, 0;
1787242379.346559810 0, 29591, 12;1, 29791, 14;2, 20223, 6;3, 20743, 10;
1787242383.135746191 0, 29591, 92;1, 29791, 92;2, 20223, 61;3, 20743, 42;
1787242385.716439173 0, 29725, 18;1, 29813, 0;2, 20357, 3;3, 24387, 15;
1787242389.335225350 0, 29591, 8;1, 29679, 32;2, 20223, 11;3, 25987, 16;
1787242392.431218670 0, 29523, 0;1, 29679, 23;2, 20223, 7;3, 26447, 43;
1787242395.693391503 0, 29463, 19;1, 29679, 22;2, 20223, 10;3, 27033, 1;
1787242399.098365842 0, 29463, 8;1, 29679, 19;2, 20223, 10;3, 27461, 56;
1787242402.073832835 0, 29463, 12;1, 29679, 11;2, 20223, 6;3, 27945, 13;
1787242405.839904167 0, 29463, 64;1, 29567, 90;2, 19999, 0;3, 27945, 61;
1787242408.417733660 0, 29079, 0;1, 28559, 0;2, 19999, 0;3, 27947, 16;
1787242412.086447290 0, 29079, 0;1, 28559, 0;2, 19999, 0;3, 27947, 74;
1787242414.683787402 0, 29079, 0;1, 28559, 0;2, 19999, 0;3, 27947, 18;
1787242418.269337332 0, 37661, 51;1, 28559, 2;2, 19999, 2;3, 27947, 50;
1787242420.886304406 0, 37661, 48;1, 28559, 0;2, 20303, 9;3, 28267, 32;
1787242424.449898118 0, 38429, 96;1, 28559, 0;2, 22841, 92;3, 30789, 35;
1787242427.049928298 0, 39093, 4;1, 28559, 0;2, 22841, 18;3, 30789, 0;
1787242431.217168129 0, 40221, 86;1, 28559, 0;2, 22841, 94;3, 30789, 28;
1787242433.925479293 0, 41495, 100;1, 28559, 0;2, 22841, 63;3, 30789, 47;
1787242436.529181855 0, 42287, 75;1, 28559, 0;2, 22841, 96;3, 29205, 95;
1787242439.150664143 0, 43023, 4;1, 10741, 0;2, 22841, 8;3, 20945, 16;
1787242442.967693316 0, 44129, 0;1, 10741, 0;2, 22841, 19;3, 20497, 14;
1787242445.932445463 0, 45409, 59;1, 10741, 0;2, 22841, 97;3, 20497, 4;
1787242448.647905142 0, 45965, 100;1, 17329, 27;2, 23013, 90;3, 20669, 74;
1787242451.366544637 0, 38909, 0;1, 19093, 0;2, 22841, 0;3, 20497, 5;
1787242455.127425718 0, 39491, 19;1, 19093, 0;2, 22841, 18;3, 20497, 1;
1787242458.581755460 0, 39747, 42;1, 19093, 0;2, 22841, 5;3, 20497, 8;
1787242461.223760987 0, 39619, 16;1, 19093, 0;2, 22841, 12;3, 20497, 14;
1787242465.190944504 0, 39619, 55;1, 19093, 0;2, 22841, 83;3, 20497, 43;
1787242467.872052841 0, 39491, 2;1, 19093, 0;2, 22841, 22;3, 20497, 18;
1787242471.088049051 0, 39675, 0;1, 19093, 0;2, 22841, 16;3, 20497, 14;
1787242474.232506364 0, 39875, 0;1, 18935, 0;2, 22907, 30;3, 20387, 9;
1787242478.066277202 0, 40387, 58;1, 22433, 17;2, 23131, 6;3, 14223, 2;
1787242481.330293493 0, 40821, 47;1, 33335, 0;2, 23585, 23;3, 14677, 19;
1787242484.515525226 0, 40387, 92;1, 36309, 99;2, 23131, 97;3, 14223, 58;
1787242487.210984464 0, 40131, 16;1, 36455, 16;2, 23319, 12;3, 14287, 11;
1787242491.127890499 0, 39875, 17;1, 36529, 98;2, 23643, 84;3, 14287, 42;
1787242493.809427704 0, 39875, 59;1, 36529, 39;2, 23749, 26;3, 14351, 6;
1787242497.051512936 0, 39875, 0;1, 36643, 52;2, 23991, 9;3, 14415, 14;
1787242502.906081665 0, 39619, 28;1, 36787, 30;2, 24703, 8;3, 14415, 8;
1787242506.877096062 0, 39235, 52;1, 36787, 95;2, 25361, 97;3, 14415, 74;
1787242509.582620165 0, 39107, 79;1, 36787, 98;2, 25361, 93;3, 14415, 54;
1787242512.655344320 0, 38807, 0;1, 36787, 0;2, 25361, 22;3, 14415, 6;
1787242516.292916433 0, 38457, 21;1, 36789, 18;2, 25361, 17;3, 14415, 5;
1787242520.288787156 0, 37187, 7;1, 37215, 8;2, 25361, 23;3, 14415, 10;
1787242523.861443844 0, 36419, 6;1, 37655, 33;2, 25361, 19;3, 14415, 15;
1787242526.946666577 0, 36291, 6;1, 37819, 24;2, 25361, 41;3, 14415, 19;
1787242530.896936834 0, 34627, 55;1, 38243, 99;2, 25137, 72;3, 14415, 71;
1787242533.569961791 0, 34233, 18;1, 38509, 4;2, 24913, 22;3, 14415, 8;
1787242537.577956583 0, 32963, 93;1, 39239, 100;2, 23233, 76;3, 14415, 26;
1787242540.312519530 0, 30019, 0;1, 40369, 7;2, 23233, 3;3, 14415, 17;
1787242544.198334886 0, 30019, 0;1, 40845, 10;2, 23233, 26;3, 14415, 11;
1787242547.362796090 0, 30019, 0;1, 41123, 36;2, 23233, 31;3, 14415, 2;
1787242550.490921497 0, 30019, 0;1, 41397, 13;2, 23233, 7;3, 14415, 49;
1787242553.745480598 0, 30019, 0;1, 41571, 9;2, 23233, 9;3, 14415, 5;
1787242556.780577422 0, 36629, 0;1, 43035, 7;2, 23385, 23;3, 14587, 4;
1787242560.627693874 0, 38751, 44;1, 43507, 13;2, 23233, 21;3, 14415, 34;
1787242563.225905450 0, 38751, 7;1, 43843, 42;2, 23233, 13;3, 14415, 14;
1787242566.929864424 0, 37615, 61;1, 44179, 90;2, 22113, 65;3, 14415, 26;
1787242569.437557330 0, 19617, 8;1, 44179, 37;2, 14387, 17;3, 14415, 3;
1787242572.892876988 0, 19619, 6;1, 44179, 27;2, 14387, 4;3, 14415, 15;
1787242575.534798245 0, 19619, 8;1, 44149, 50;2, 14387, 6;3, 14415, 7;
1787242579.266790854 0, 19619, 56;1, 34837, 95;2, 14387, 34;3, 14415, 28;
1787242581.867187628 0, 19619, 66;1, 34837, 81;2, 14387, 45;3, 14415, 5;
1787242584.546508904 0, 19619, 4;1, 34837, 36;2, 14387, 7;3, 14415, 3;
1787242588.603543365 0, 19619, 51;1, 34837, 92;2, 14387, 65;3, 14415, 21;
1787242591.375385288 0, 19619, 54;1, 34837, 0;2, 14387, 2;3, 14415, 2;
1787242594.554387935 0, 19619, 8;1, 34837, 6;2, 14387, 21;3, 14415, 0;
1787242598.219871034 0, 19619, 11;1, 34837, 12;2, 14387, 14;3, 14415, 2;
1787242601.585963373 0, 19621, 11;1, 34837, 6;2, 14387, 8;3, 14415, 3;
1787242604.441809897 0, 20021, 8;1, 35225, 73;2, 14775, 3;3, 33461, 1;
1787242608.061945282 0, 19621, 60;1, 34837, 87;2, 14387, 78;3, 38047, 73;
1787242610.630609274 0, 19621, 4;1, 34839, 16;2, 14387, 5;3, 38309, 45;
1787242614.291039144 0, 19621, 0;1, 34839, 4;2, 14387, 14;3, 38309, 35;
1787242616.955335761 0, 19621, 4;1, 34839, 14;2, 14387, 5;3, 38437, 23;
1787242620.718699641 0, 19621, 11;1, 34839, 20;2, 14387, 32;3, 38565, 29;
1787242623.737450353 0, 19621, 14;1, 34653, 14;2, 14387, 25;3, 38565, 35;
1787242626.813263711 0, 19621, 17;1, 34503, 13;2, 14387, 21;3, 38565, 41;
1787242629.749878047 0, 19621, 9;1, 34145, 0;2, 14387, 26;3, 38565, 5;
1787242632.570217044 0, 19621, 7;1, 32151, 6;2, 14387, 15;3, 38565, 30;
1787242636.281750892 0, 19621, 53;1, 31479, 92;2, 14387, 72;3, 38565, 70;
1787242638.847588549 0, 19621, 0;1, 31031, 10;2, 14387, 37;3, 38565, 16;
1787242642.455660315 0, 19621, 0;1, 30583, 83;2, 14387, 0;3, 38181, 9;
