1787291715.185640532 0, 73283, 0;1, 73309, 0;2, 0, 0;3, 0, 0;
1787291717.454308754 0, 73901, 0;1, 73901, 0;2, 0, 0;3, 0, 0;
1787291719.642681530 0, 73901, 82;1, 73901, 81;2, 0, 0;3, 0, 0;
1787291721.799598406 0, 73901, 73;1, 73901, 84;2, 0, 0;3, 0, 0;
1787291724.216371267 0, 73901, 91;1, 73901, 90;2, 0, 0;3, 0, 0;
1787291726.415108301 0, 73901, 75;1, 73901, 97;2, 0, 0;3, 0, 0;
1787291728.721395896 0, 73901, 90;1, 73901, 95;2, 0, 0;3, 0, 0;
1787291730.912673337 0, 73901, 77;1, 73901, 83;2, 0, 0;3, 0, 0;
1787291733.154821872 0, 73901, 93;1, 73901, 80;2, 0, 0;3, 0, 0;
1787291735.386279178 0, 73901, 95;1, 73901, 97;2, 0, 0;3, 0, 0;
1787291737.627108729 0, 73921, 76;1, 73921, 84;2, 0, 0;3, 0, 0;
1787291739.799157651 0, 73921, 97;1, 73921, 58;2, 0, 0;3, 0, 0;
1787291742.291085944 0, 73921, 66;1, 73921, 72;2, 0, 0;3, 0, 0;
1787291744.449306625 0, 73921, 76;1, 73921, 78;2, 0, 0;3, 0, 0;
1787291746.865958003 0, 73921, 97;1, 73921, 94;2, 0, 0;3, 0, 0;
1787291749.103763222 0, 73921, 73;1, 73921, 74;2, 0, 0;3, 0, 0;
1787291751.274564957 0, 73921, 97;1, 73921, 96;2, 0, 0;3, 0, 0;
1787291753.442220750 0, 73921, 73;1, 73921, 84;2, 0, 0;3, 0, 0;
1787291755.598737059 0, 73921, 80;1, 73921, 96;2, 0, 0;3, 0, 0;
1787291757.917106510 0, 73921, 88;1, 73921, 93;2, 0, 0;3, 0, 0;
1787291760.146459146 0, 73921, 96;1, 73921, 96;2, 0, 0;3, 0, 0;
1787291762.358479981 0, 73921, 97;1, 73921, 95;2, 0, 0;3, 0, 0;
1787291764.588284646 0, 73921, 81;1, 73921, 66;2, 0, 0;3, 0, 0;
1787291766.751193805 0, 73921, 95;1, 73921, 89;2, 0, 0;3, 0, 0;
1787291769.117395549 0, 73921, 94;1, 73921, 96;2, 0, 0;3, 0, 0;
1787291771.349733340 0, 73921, 80;1, 73921, 87;2, 0, 0;3, 0, 0;
1787291773.518231100 0, 73921, 79;1, 73921, 78;2, 0, 0;3, 0, 0;
1787291775.982937893 0, 73921, 68;1, 73921, 65;2, 0, 0;3, 0, 0;
1787291778.188351603 0, 73921, 69;1, 73921, 69;2, 0, 0;3, 0, 0;
1787291780.507373864 0, 73921, 97;1, 73921, 96;2, 0, 0;3, 0, 0;
1787291782.694831569 0, 73921, 82;1, 73921, 82;2, 0, 0;3, 0, 0;
1787291784.907216770 0, 73921, 94;1, 73921, 94;2, 0, 0;3, 0, 0;
1787291787.100570545 0, 73921, 70;1, 73921, 73;2, 0, 0;3, 0, 0;
1787291789.404364388 0, 73921, 97;1, 73921, 94;2, 0, 0;3, 0, 0;
1787291791.616900396 0, 73921, 55;1, 73921, 56;2, 0, 0;3, 0, 0;
1787291793.847015923 0, 73921, 96;1, 73921, 94;2, 0, 0;3, 0, 0;
1787291796.026644431 0, 73921, 77;1, 73921, 91;2, 0, 0;3, 0, 0;
1787291798.218079012 0, 73921, 95;1, 73921, 78;2, 0, 0;3, 0, 0;
1787291800.678407809 0, 73921, 97;1, 73921, 96;2, 0, 0;3, 0, 0;
1787291802.870477310 0, 73921, 81;1, 73921, 79;2, 0, 0;3, 0, 0;
1787291805.160777124 0, 73921, 76;1, 73921, 66;2, 0, 0;3, 0, 0;
1787291807.505082769 0, 73921, 94;1, 73921, 91;2, 0, 0;3, 0, 0;
1787291809.942562518 0, 73921, 96;1, 73921, 95;2, 0, 0;3, 0, 0;
1787291812.160995562 0, 73921, 93;1, 73921, 88;2, 0, 0;3, 0, 0;
1787291814.416199623 0, 73921, 97;1, 73921, 75;2, 0, 0;3, 0, 0;
1787291816.835048226 0, 73921, 85;1, 73921, 96;2, 0, 0;3, 0, 0;
1787291819.295978447 0, 73921, 94;1, 73921, 95;2, 0, 0;3, 0, 0;
1787291821.454318184 0, 73921, 97;1, 73921, 94;2, 0, 0;3, 0, 0;
1787291823.706396570 0, 73921, 82;1, 73921, 76;2, 0, 0;3, 0, 0;
1787291825.976340506 0, 73921, 94;1, 73921, 95;2, 0, 0;3, 0, 0;
1787291828.179477976 0, 73921, 63;1, 73921, 86;2, 0, 0;3, 0, 0;
1787291830.401639686 0, 73921, 97;1, 73921, 84;2, 0, 0;3, 0, 0;
1787291832.724763492 0, 73921, 96;1, 73921, 92;2, 0, 0;3, 0, 0;
1787291835.146453504 0, 73921, 87;1, 73921, 96;2, 0, 0;3, 0, 0;
1787291837.326548834 0, 73921, 96;1, 73921, 71;2, 0, 0;3, 0, 0;
1787291839.549784281 0, 73921, 96;1, 73921, 96;2, 0, 0;3, 0, 0;
1787291841.742523343 0, 73921, 71;1, 73921, 71;2, 0, 0;3, 0, 0;
1787291843.905592637 0, 73921, 94;1, 73921, 94;2, 0, 0;3, 0, 0;
1787291846.188237491 0, 73921, 94;1, 73921, 93;2, 0, 0;3, 0, 0;
1787291848.355598141 0, 73921, 81;1, 73921, 95;2, 0, 0;3, 0, 0;
1787291850.648930572 0, 73921, 96;1, 73921, 94;2, 0, 0;3, 0, 0;
1787291852.865881973 0, 73921, 78;1, 73921, 79;2, 0, 0;3, 0, 0;
1787291855.069655381 0, 73921, 95;1, 73921, 93;2, 0, 0;3, 0, 0;
1787291857.375808158 0, 73921, 79;1, 73921, 72;2, 0, 0;3, 0, 0;
1787291859.749567503 0, 73921, 78;1, 73921, 79;2, 0, 0;3, 0, 0;
1787291862.070799341 0, 73921, 95;1, 73921, 97;2, 0, 0;3, 0, 0;
1787291864.264884023 0, 73921, 85;1, 73921, 65;2, 0, 0;3, 0, 0;
1787291866.485225940 0, 73921, 96;1, 73921, 95;2, 0, 0;3, 0, 0;
1787291868.668610523 0, 73921, 97;1, 73921, 96;2, 0, 0;3, 0, 0;
1787291870.966284466 0, 73921, 94;1, 73921, 93;2, 0, 0;3, 0, 0;
1787291873.269580295 0, 73921, 64;1, 73921, 96;2, 0, 0;3, 0, 0;
1787291875.445766187 0, 73921, 86;1, 73921, 95;2, 0, 0;3, 0, 0;
1787291877.820572896 0, 73921, 87;1, 73921, 88;2, 0, 0;3, 0, 0;
1787291880.009061688 0, 73921, 63;1, 73921, 61;2, 0, 0;3, 0, 0;
1787291882.409363729 0, 73921, 97;1, 73921, 94;2, 0, 0;3, 0, 0;
1787291884.596755136 0, 73921, 81;1, 73921, 80;2, 0, 0;3, 0, 0;
1787291886.802222235 0, 73921, 97;1, 73921, 95;2, 0, 0;3, 0, 0;
1787291889.002538306 0, 73921, 69;1, 73921, 96;2, 0, 0;3, 0, 0;
1787291891.306802547 0, 73921, 55;1, 73921, 49;2, 0, 0;3, 0, 0;
1787291893.734328681 0, 73921, 78;1, 73921, 77;2, 0, 0;3, 0, 0;
1787291895.964692692 0, 73921, 97;1, 73921, 72;2, 0, 0;3, 0, 0;
1787291898.138764866 0, 73921, 97;1, 73921, 96;2, 0, 0;3, 0, 0;
1787291900.343107217 0, 73921, 97;1, 73921, 93;2, 0, 0;3, 0, 0;
1787291902.747050504 0, 73921, 97;1, 73921, 94;2, 0, 0;3, 0, 0;
1787291905.011726789 0, 73921, 79;1, 73921, 79;2, 0, 0;3, 0, 0;
1787291907.278282231 0, 73921, 97;1, 73921, 90;2, 0, 0;3, 0, 0;
1787291909.458032898 0, 73921, 96;1, 73921, 97;2, 0, 0;3, 0, 0;
1787291911.696832137 0, 73921, 88;1, 73921, 87;2, 0, 0;3, 0, 0;
1787291913.886287053 0, 73921, 78;1, 73921, 95;2, 0, 0;3, 0, 0;
1787291916.268456803 0, 73921, 82;1, 73921, 96;2, 0, 0;3, 0, 0;
1787291918.478393422 0, 73921, 73;1, 73921, 70;2, 0, 0;3, 0, 0;
1787291920.723634288 0, 73921, 96;1, 73921, 94;2, 0, 0;3, 0, 0;
1787291923.006513459 0, 73921, 63;1, 73921, 65;2, 0, 0;3, 0, 0;
1787291925.221917966 0, 73921, 94;1, 73921, 97;2, 0, 0;3, 0, 0;
1787291927.467471410 0, 73921, 74;1, 73921, 93;2, 0, 0;3, 0, 0;
1787291929.724665586 0, 73921, 95;1, 73921, 88;2, 0, 0;3, 0, 0;
1787291931.965458176 0, 73921, 97;1, 73921, 97;2, 0, 0;3, 0, 0;
1787291934.115322879 0, 73921, 88;1, 73921, 79;2, 0, 0;3, 0, 0;
1787291936.462561673 0, 73921, 96;1, 73921, 94;2, 0, 0;3, 0, 0;
1787291938.650605706 0, 73921, 92;1, 73921, 93;2, 0, 0;3, 0, 0;
1787291940.882693895 0, 73921, 85;1, 73921, 79;2, 0, 0;3, 0, 0;
1787291943.072918519 0, 73921, 79;1, 73921, 92;2, 0, 0;3, 0, 0;
1787291945.580062177 0, 73921, 76;1, 73921, 96;2, 0, 0;3, 0, 0;
1787291947.753892567 0, 73921, 88;1, 73921, 93;2, 0, 0;3, 0, 0;
1787291950.224970797 0, 73921, 77;1, 73921, 78;2, 0, 0;3, 0, 0;
1787291952.443955812 0, 73921, 96;1, 73921, 80;2, 0, 0;3, 0, 0;
1787291954.853676618 0, 73921, 95;1, 73921, 77;2, 0, 0;3, 0, 0;
1787291957.257265067 0, 73921, 97;1, 73921, 95;2, 0, 0;3, 0, 0;
1787291959.397980667 0, 73921, 85;1, 73921, 89;2, 0, 0;3, 0, 0;
1787291961.601076144 0, 73921, 90;1, 73921, 89;2, 0, 0;3, 0, 0;
1787291963.796079400 0, 73921, 87;1, 73921, 94;2, 0, 0;3, 0, 0;
1787291966.028674022 0, 73921, 97;1, 73921, 94;2, 0, 0;3, 0, 0;
1787291968.422490723 0, 73921, 78;1, 73921, 79;2, 0, 0;3, 0, 0;
1787291970.580733527 0, 73921, 97;1, 73921, 94;2, 0, 0;3, 0, 0;
1787291972.900911977 0, 73921, 96;1, 73921, 96;2, 0, 0;3, 0, 0;
1787291975.127955851 0, 73921, 66;1, 73921, 87;2, 0, 0;3, 0, 0;
1787291977.443431588 0, 73921, 82;1, 73921, 74;2, 0, 0;3, 0, 0;
1787291979.701250136 0, 73921, 88;1, 73921, 95;2, 0, 0;3, 0, 0;
1787291982.105002685 0, 73921, 95;1, 73921, 95;2, 0, 0;3, 0, 0;
1787291984.263139948 0, 73921, 96;1, 73921, 73;2, 0, 0;3, 0, 0;
1787291986.628162098 0, 73921, 98;1, 73921, 97;2, 0, 0;3, 0, 0;
1787291988.850511035 0, 73921, 96;1, 73921, 78;2, 0, 0;3, 0, 0;
1787291991.040811303 0, 73921, 95;1, 73921, 96;2, 0, 0;3, 0, 0;
1787291993.185310304 0, 73921, 74;1, 73921, 88;2, 0, 0;3, 0, 0;
1787291995.419742280 0, 73921, 97;1, 73921, 72;2, 0, 0;3, 0, 0;
1787291998.006041978 0, 73921, 96;1, 73921, 72;2, 0, 0;3, 0, 0;
1787292000.173375792 0, 73921, 92;1, 73921, 70;2, 0, 0;3, 0, 0;
1787292002.453065557 0, 73921, 95;1, 73921, 95;2, 0, 0;3, 0, 0;
1787292004.637289006 0, 73921, 81;1, 73921, 79;2, 0, 0;3, 0, 0;
1787292007.006706265 0, 73921, 97;1, 73921, 92;2, 0, 0;3, 0, 0;
1787292009.376090716 0, 73921, 84;1, 73921, 84;2, 0, 0;3, 0, 0;
1787292011.607501649 0, 73921, 72;1, 73921, 77;2, 0, 0;3, 0, 0;
1787292013.785149482 0, 73921, 94;1, 73921, 93;2, 0, 0;3, 0, 0;
1787292015.978412699 0, 73921, 76;1, 73921, 59;2, 0, 0;3, 0, 0;
1787292018.341739719 0, 73921, 96;1, 73921, 95;2, 0, 0;3, 0, 0;
1787292020.771217597 0, 73921, 97;1, 73921, 56;2, 0, 0;3, 0, 0;
1787292022.994055760 0, 73921, 91;1, 73921, 88;2, 0, 0;3, 0, 0;
1787292025.242899118 0, 73921, 96;1, 73921, 96;2, 0, 0;3, 0, 0;
1787292027.464634556 0, 73921, 94;1, 73921, 68;2, 0, 0;3, 0, 0;
1787292029.653395386 0, 73921, 95;1, 73921, 95;2, 0, 0;3, 0, 0;
1787292031.900721446 0, 73921, 93;1, 73921, 91;2, 0, 0;3, 0, 0;
1787292034.105660236 0, 73921, 94;1, 73921, 93;2, 0, 0;3, 0, 0;
1787292036.363176279 0, 73921, 96;1, 73921, 96;2, 0, 0;3, 0, 0;
1787292038.627442847 0, 73921, 78;1, 73921, 82;2, 0, 0;3, 0, 0;
1787292040.850998836 0, 73921, 92;1, 73921, 95;2, 0, 0;3, 0, 0;
1787292043.153120722 0, 73921, 63;1, 73921, 68;2, 0, 0;3, 0, 0;
1787292045.607160980 0, 73921, 97;1, 73921, 95;2, 0, 0;3, 0, 0;
1787292047.910366248 0, 73921, 86;1, 73921, 81;2, 0, 0;3, 0, 0;
1787292050.105720252 0, 73921, 79;1, 73921, 79;2, 0, 0;3, 0, 0;
1787292052.347427001 0, 73921, 94;1, 73921, 96;2, 0, 0;3, 0, 0;
1787292054.497510274 0, 73921, 74;1, 73921, 79;2, 0, 0;3, 0, 0;
1787292056.716755449 0, 73921, 97;1, 73921, 81;2, 0, 0;3, 0, 0;
1787292058.878628537 0, 73921, 93;1, 73921, 95;2, 0, 0;3, 0, 0;
1787292061.033880373 0, 73921, 80;1, 73921, 80;2, 0, 0;3, 0, 0;
1787292063.258343164 0, 73921, 96;1, 73921, 84;2, 0, 0;3, 0, 0;
1787292065.573862849 0, 73921, 89;1, 73921, 85;2, 0, 0;3, 0, 0;
1787292067.733938537 0, 73921, 97;1, 73921, 79;2, 0, 0;3, 0, 0;
1787292069.964800082 0, 73921, 94;1, 73921, 95;2, 0, 0;3, 0, 0;
1787292072.321319672 0, 73921, 94;1, 73921, 95;2, 0, 0;3, 0, 0;
1787292074.490477675 0, 73921, 81;1, 73921, 78;2, 0, 0;3, 0, 0;
1787292076.680582884 0, 73921, 87;1, 73921, 86;2, 0, 0;3, 0, 0;
1787292079.036791426 0, 73921, 73;1, 73921, 97;2, 0, 0;3, 0, 0;
1787292081.634677845 0, 73921, 88;1, 73921, 72;2, 0, 0;3, 0, 0;
1787292084.013419307 0, 73921, 71;1, 73921, 72;2, 0, 0;3, 0, 0;
1787292086.188067030 0, 73921, 95;1, 73921, 95;2, 0, 0;3, 0, 0;
1787292088.410227486 0, 73921, 97;1, 73921, 95;2, 0, 0;3, 0, 0;
1787292090.593894522 0, 73921, 86;1, 73921, 87;2, 0, 0;3, 0, 0;
1787292092.796008534 0, 73921, 79;1, 73921, 77;2, 0, 0;3, 0, 0;
1787292094.975583721 0, 73921, 87;1, 73921, 86;2, 0, 0;3, 0, 0;
1787292097.263846870 0, 73921, 95;1, 73921, 94;2, 0, 0;3, 0, 0;
1787292099.434996003 0, 73921, 76;1, 73921, 75;2, 0, 0;3, 0, 0;
1787292101.671187377 0, 73921, 96;1, 73921, 96;2, 0, 0;3, 0, 0;
1787292104.044046295 0, 73921, 96;1, 73921, 97;2, 0, 0;3, 0, 0;
1787292106.223500306 0, 73921, 93;1, 73921, 94;2, 0, 0;3, 0, 0;
1787292108.381420799 0, 73921, 95;1, 73921, 95;2, 0, 0;3, 0, 0;
1787292110.656443953 0, 73921, 95;1, 73921, 94;2, 0, 0;3, 0, 0;
1787292112.875481958 0, 73921, 79;1, 73921, 80;2, 0, 0;3, 0, 0;
1787292115.080435804 0, 73921, 75;1, 73921, 68;2, 0, 0;3, 0, 0;
1787292117.287870251 0, 73921, 96;1, 73921, 96;2, 0, 0;3, 0, 0;
1787292119.651367124 0, 73921, 78;1, 73921, 96;2, 0, 0;3, 0, 0;
1787292121.936104099 0, 73921, 84;1, 73921, 76;2, 0, 0;3, 0, 0;
1787292124.133299759 0, 73921, 96;1, 73921, 94;2, 0, 0;3, 0, 0;
1787292126.310336862 0, 73921, 79;1, 73921, 79;2, 0, 0;3, 0, 0;
1787292128.551326318 0, 73921, 97;1, 73921, 94;2, 0, 0;3, 0, 0;
1787292130.960151662 0, 73921, 95;1, 73921, 95;2, 0, 0;3, 0, 0;
1787292133.416765294 0, 73921, 86;1, 73921, 86;2, 0, 0;3, 0, 0;
1787292135.627103173 0, 73921, 90;1, 73921, 86;2, 0, 0;3, 0, 0;
1787292137.942475168 0, 73921, 80;1, 73921, 76;2, 0, 0;3, 0, 0;
1787292140.416895413 0, 73921, 96;1, 73921, 94;2, 0, 0;3, 0, 0;
1787292142.622257467 0, 73921, 77;1, 73921, 90;2, 0, 0;3, 0, 0;
1787292144.831751853 0, 73921, 97;1, 73921, 96;2, 0, 0;3, 0, 0;
1787292147.120391783 0, 73921, 89;1, 73921, 85;2, 0, 0;3, 0, 0;
1787292149.629931600 0, 73921, 83;1, 73921, 91;2, 0, 0;3, 0, 0;
1787292151.818023121 0, 73921, 87;1, 73921, 90;2, 0, 0;3, 0, 0;
1787292154.135646782 0, 73921, 82;1, 73921, 96;2, 0, 0;3, 0, 0;
1787292156.529495834 0, 73921, 66;1, 73921, 95;2, 0, 0;3, 0, 0;
1787292158.686234002 0, 73921, 93;1, 73921, 95;2, 0, 0;3, 0, 0;
1787292160.862670518 0, 73921, 88;1, 73921, 89;2, 0, 0;3, 0, 0;
1787292163.084210118 0, 73921, 96;1, 73921, 95;2, 0, 0;3, 0, 0;
1787292165.282067593 0, 73921, 70;1, 73921, 69;2, 0, 0;3, 0, 0;
1787292167.457155340 0, 73921, 97;1, 73921, 95;2, 0, 0;3, 0, 0;
1787292169.648514636 0, 73921, 60;1, 73921, 56;2, 0, 0;3, 0, 0;
1787292171.894670625 0, 73921, 95;1, 73921, 96;2, 0, 0;3, 0, 0;
1787292174.074540372 0, 73921, 88;1, 73921, 89;2, 0, 0;3, 0, 0;
1787292176.336735549 0, 73921, 86;1, 73921, 86;2, 0, 0;3, 0, 0;
1787292178.636884064 0, 73921, 80;1, 73921, 76;2, 0, 0;3, 0, 0;
1787292180.815693337 0, 73921, 73;1, 73921, 75;2, 0, 0;3, 0, 0;
1787292183.232743764 0, 73921, 63;1, 73921, 75;2, 0, 0;3, 0, 0;
1787292185.597585962 0, 73921, 63;1, 73921, 58;2, 0, 0;3, 0, 0;
1787292188.679441611 0, 73921, 82;1, 73921, 96;2, 0, 0;3, 0, 0;
1787292190.870366413 0, 73921, 88;1, 73921, 80;2, 0, 0;3, 0, 0;
1787292193.187865392 0, 73921, 97;1, 73921, 96;2, 0, 0;3, 0, 0;
1787292195.367083545 0, 73921, 86;1, 73921, 83;2, 0, 0;3, 0, 0;
1787292197.597370550 0, 73921, 93;1, 73921, 96;2, 0, 0;3, 0, 0;
1787292199.800565823 0, 73921, 83;1, 73921, 76;2, 0, 0;3, 0, 0;
1787292202.034062196 0, 73921, 87;1, 73921, 79;2, 0, 0;3, 0, 0;
1787292204.494379384 0, 73921, 85;1, 73921, 84;2, 0, 0;3, 0, 0;
1787292206.668056197 0, 73921, 96;1, 73921, 95;2, 0, 0;3, 0, 0;
1787292209.187740775 0, 73921, 87;1, 73921, 72;2, 0, 0;3, 0, 0;
1787292211.395271658 0, 73921, 82;1, 73921, 78;2, 0, 0;3, 0, 0;
1787292213.650899540 0, 73921, 96;1, 73921, 73;2, 0, 0;3, 0, 0;
1787292215.833461258 0, 73921, 89;1, 73921, 84;2, 0, 0;3, 0, 0;
1787292218.053647072 0, 73921, 87;1, 73921, 87;2, 0, 0;3, 0, 0;
1787292220.507912010 0, 73921, 80;1, 73921, 86;2, 0, 0;3, 0, 0;
1787292222.709324379 0, 73921, 72;1, 73921, 78;2, 0, 0;3, 0, 0;
1787292225.117173825 0, 73921, 95;1, 73921, 91;2, 0, 0;3, 0, 0;
1787292227.337383275 0, 73921, 78;1, 73921, 74;2, 0, 0;3, 0, 0;
1787292229.583111125 0, 73921, 74;1, 73921, 79;2, 0, 0;3, 0, 0;
1787292232.046603921 0, 73921, 95;1, 73921, 94;2, 0, 0;3, 0, 0;
1787292234.208917887 0, 73921, 79;1, 73921, 79;2, 0, 0;3, 0, 0;
1787292236.418219813 0, 73921, 96;1, 73921, 96;2, 0, 0;3, 0, 0;
1787292238.634074123 0, 73921, 92;1, 73921, 93;2, 0, 0;3, 0, 0;
1787292240.851797408 0, 73921, 95;1, 73921, 95;2, 0, 0;3, 0, 0;
1787292243.059512875 0, 73921, 69;1, 73921, 61;2, 0, 0;3, 0, 0;
1787292245.294975691 0, 73921, 86;1, 73921, 68;2, 0, 0;3, 0, 0;
1787292247.596563719 0, 73921, 62;1, 73921, 56;2, 0, 0;3, 0, 0;
1787292250.266141587 0, 73921, 84;1, 73921, 75;2, 0, 0;3, 0, 0;
1787292252.524961831 0, 73921, 96;1, 73921, 96;2, 0, 0;3, 0, 0;
1787292254.705767891 0, 73921, 97;1, 73921, 80;2, 0, 0;3, 0, 0;
1787292256.987217124 0, 73921, 94;1, 73921, 95;2, 0, 0;3, 0, 0;
1787292259.145051794 0, 73921, 90;1, 73921, 95;2, 0, 0;3, 0, 0;
1787292261.536370025 0, 73921, 91;1, 73921, 96;2, 0, 0;3, 0, 0;
1787292263.798238507 0, 73921, 63;1, 73921, 89;2, 0, 0;3, 0, 0;
1787292266.018637313 0, 73921, 79;1, 73921, 79;2, 0, 0;3, 0, 0;
1787292268.574138011 0, 73921, 96;1, 73921, 96;2, 0, 0;3, 0, 0;
1787292270.807474691 0, 73921, 68;1, 73921, 76;2, 0, 0;3, 0, 0;
1787292273.117529627 0, 73921, 95;1, 73921, 96;2, 0, 0;3, 0, 0;
1787292275.278679869 0, 73921, 82;1, 73921, 77;2, 0, 0;3, 0, 0;
1787292277.663716898 0, 73921, 77;1, 73921, 75;2, 0, 0;3, 0, 0;
1787292280.081849628 0, 73921, 98;1, 73921, 96;2, 0, 0;3, 0, 0;
1787292282.420235080 0, 73921, 82;1, 73921, 87;2, 0, 0;3, 0, 0;
1787292284.634091952 0, 73921, 97;1, 73921, 84;2, 0, 0;3, 0, 0;
1787292286.969738675 0, 73921, 96;1, 73921, 95;2, 0, 0;3, 0, 0;
1787292289.218251901 0, 73921, 78;1, 73921, 82;2, 0, 0;3, 0, 0;
1787292291.416597013 0, 73921, 90;1, 73921, 91;2, 0, 0;3, 0, 0;
1787292293.707353445 0, 73921, 0;1, 73921, 1;2, 0, 0;3, 0, 0;
1787292296.368659049 0, 73921, 88;1, 73921, 91;2, 0, 0;3, 0, 0;
1787292298.659736885 0, 73921, 87;1, 73921, 71;2, 0, 0;3, 0, 0;
1787292300.973269239 0, 73921, 96;1, 73921, 96;2, 0, 0;3, 0, 0;
1787292303.154479200 0, 73921, 95;1, 73921, 97;2, 0, 0;3, 0, 0;
1787292305.424294510 0, 73921, 90;1, 73921, 94;2, 0, 0;3, 0, 0;
1787292307.582229810 0, 73921, 69;1, 73921, 58;2, 0, 0;3, 0, 0;
1787292309.969321917 0, 73921, 97;1, 73921, 93;2, 0, 0;3, 0, 0;
1787292312.180079164 0, 73921, 80;1, 73921, 68;2, 0, 0;3, 0, 0;
1787292314.498618712 0, 73921, 97;1, 73921, 97;2, 0, 0;3, 0, 0;
1787292316.851623104 0, 73921, 92;1, 73921, 92;2, 0, 0;3, 0, 0;
1787292319.047998870 0, 73921, 69;1, 73921, 78;2, 0, 0;3, 0, 0;
1787292321.263612359 0, 73921, 81;1, 73921, 96;2, 0, 0;3, 0, 0;
1787292323.463432914 0, 73921, 80;1, 73921, 79;2, 0, 0;3, 0, 0;
1787292325.644741784 0, 73921, 95;1, 73921, 92;2, 0, 0;3, 0, 0;
1787292327.962684513 0, 73921, 77;1, 73921, 76;2, 0, 0;3, 0, 0;
1787292330.263909690 0, 73921, 87;1, 73921, 93;2, 0, 0;3, 0, 0;
1787292332.662101724 0, 73921, 97;1, 73921, 97;2, 0, 0;3, 0, 0;
1787292334.842778352 0, 73921, 91;1, 73921, 85;2, 0, 0;3, 0, 0;
1787292337.026965038 0, 73921, 96;1, 73921, 95;2, 0, 0;3, 0, 0;
1787292339.186006397 0, 73921, 97;1, 73921, 94;2, 0, 0;3, 0, 0;
1787292341.405221521 0, 73921, 97;1, 73921, 96;2, 0, 0;3, 0, 0;
1787292343.844879656 0, 73921, 65;1, 73921, 72;2, 0, 0;3, 0, 0;
1787292346.025593048 0, 73921, 73;1, 73921, 64;2, 0, 0;3, 0, 0;
1787292348.311716413 0, 73921, 96;1, 73921, 77;2, 0, 0;3, 0, 0;
1787292350.516885809 0, 73921, 75;1, 73921, 95;2, 0, 0;3, 0, 0;
1787292352.951213345 0, 73921, 86;1, 73921, 96;2, 0, 0;3, 0, 0;
1787292355.110632702 0, 73921, 88;1, 73921, 86;2, 0, 0;3, 0, 0;
1787292357.364950279 0, 73921, 70;1, 73921, 97;2, 0, 0;3, 0, 0;
1787292359.759549244 0, 73921, 98;1, 73921, 97;2, 0, 0;3, 0, 0;
1787292361.941579731 0, 73921, 82;1, 73921, 83;2, 0, 0;3, 0, 0;
1787292364.115515896 0, 73921, 86;1, 73921, 96;2, 0, 0;3, 0, 0;
1787292366.275772783 0, 73921, 84;1, 73921, 77;2, 0, 0;3, 0, 0;
1787292368.516115233 0, 73921, 94;1, 73921, 96;2, 0, 0;3, 0, 0;
1787292370.721451137 0, 73921, 71;1, 73921, 69;2, 0, 0;3, 0, 0;
1787292373.017040105 0, 73921, 93;1, 73921, 94;2, 0, 0;3, 0, 0;
1787292375.188087100 0, 73921, 86;1, 73921, 70;2, 0, 0;3, 0, 0;
1787292377.392711561 0, 73921, 96;1, 73921, 96;2, 0, 0;3, 0, 0;
1787292379.765673992 0, 73921, 97;1, 73921, 96;2, 0, 0;3, 0, 0;
1787292382.012127724 0, 73921, 77;1, 73921, 76;2, 0, 0;3, 0, 0;
1787292384.221309293 0, 73921, 89;1, 73921, 90;2, 0, 0;3, 0, 0;
1787292386.426470981 0, 73921, 85;1, 73921, 79;2, 0, 0;3, 0, 0;
1787292388.614355423 0, 73921, 77;1, 73921, 76;2, 0, 0;3, 0, 0;
1787292390.982800732 0, 73921, 84;1, 73921, 98;2, 0, 0;3, 0, 0;
1787292393.360570906 0, 73921, 97;1, 73921, 98;2, 0, 0;3, 0, 0;
1787292395.611268056 0, 73921, 77;1, 73921, 76;2, 0, 0;3, 0, 0;
1787292397.841124843 0, 73921, 94;1, 73921, 97;2, 0, 0;3, 0, 0;
1787292400.021071025 0, 73921, 91;1, 73921, 86;2, 0, 0;3, 0, 0;
1787292402.177760135 0, 73921, 95;1, 73921, 96;2, 0, 0;3, 0, 0;
1787292404.669134130 0, 73921, 78;1, 73921, 96;2, 0, 0;3, 0, 0;
1787292407.019695213 0, 73921, 97;1, 73921, 97;2, 0, 0;3, 0, 0;
1787292409.222211707 0, 73921, 96;1, 73921, 61;2, 0, 0;3, 0, 0;
1787292411.490696963 0, 73921, 95;1, 73921, 95;2, 0, 0;3, 0, 0;
1787292413.804310955 0, 73921, 96;1, 73921, 97;2, 0, 0;3, 0, 0;
1787292415.963620540 0, 73921, 96;1, 73921, 88;2, 0, 0;3, 0, 0;
1787292418.180407859 0, 73921, 76;1, 73921, 97;2, 0, 0;3, 0, 0;
1787292420.589841002 0, 73921, 94;1, 73921, 93;2, 0, 0;3, 0, 0;
1787292422.811338459 0, 73921, 81;1, 73921, 78;2, 0, 0;3, 0, 0;
1787292424.988360686 0, 73921, 95;1, 73921, 75;2, 0, 0;3, 0, 0;
1787292427.478899652 0, 73921, 96;1, 73921, 94;2, 0, 0;3, 0, 0;
1787292429.702101175 0, 73921, 71;1, 73921, 66;2, 0, 0;3, 0, 0;
1787292431.904736266 0, 73921, 95;1, 73921, 95;2, 0, 0;3, 0, 0;
1787292434.141254906 0, 73921, 69;1, 73921, 84;2, 0, 0;3, 0, 0;
1787292436.350712432 0, 73921, 96;1, 73921, 95;2, 0, 0;3, 0, 0;
1787292438.609563630 0, 73921, 60;1, 73921, 62;2, 0, 0;3, 0, 0;
1787292440.813012461 0, 73921, 80;1, 73921, 81;2, 0, 0;3, 0, 0;
1787292443.268403353 0, 73921, 95;1, 73921, 95;2, 0, 0;3, 0, 0;
1787292445.469352125 0, 73921, 71;1, 73921, 64;2, 0, 0;3, 0, 0;
1787292447.658332403 0, 73921, 97;1, 73921, 86;2, 0, 0;3, 0, 0;
1787292449.878922421 0, 73921, 97;1, 73921, 95;2, 0, 0;3, 0, 0;
1787292452.069678434 0, 73921, 73;1, 73921, 72;2, 0, 0;3, 0, 0;
1787292454.354725483 0, 73921, 96;1, 73921, 96;2, 0, 0;3, 0, 0;
1787292456.591885344 0, 73921, 84;1, 73921, 88;2, 0, 0;3, 0, 0;
1787292458.789462613 0, 73921, 96;1, 73921, 95;2, 0, 0;3, 0, 0;
1787292460.974106540 0, 73921, 86;1, 73921, 91;2, 0, 0;3, 0, 0;
1787292463.139216833 0, 73921, 95;1, 73921, 89;2, 0, 0;3, 0, 0;
1787292465.340639074 0, 73921, 74;1, 73921, 90;2, 0, 0;3, 0, 0;
1787292467.540809405 0, 73921, 96;1, 73921, 95;2, 0, 0;3, 0, 0;
1787292469.893968197 0, 73921, 94;1, 73921, 95;2, 0, 0;3, 0, 0;
1787292472.182639970 0, 73921, 77;1, 73921, 70;2, 0, 0;3, 0, 0;
1787292474.415876145 0, 73921, 95;1, 73921, 95;2, 0, 0;3, 0, 0;
1787292476.691445865 0, 73921, 72;1, 73921, 66;2, 0, 0;3, 0, 0;
1787292478.917814397 0, 73921, 94;1, 73921, 95;2, 0, 0;3, 0, 0;
1787292481.196567844 0, 73921, 94;1, 73921, 71;2, 0, 0;3, 0, 0;
1787292483.378536506 0, 73921, 85;1, 73921, 83;2, 0, 0;3, 0, 0;
1787292485.708743910 0, 73921, 96;1, 73921, 96;2, 0, 0;3, 0, 0;
1787292487.890384900 0, 73921, 83;1, 73921, 67;2, 0, 0;3, 0, 0;
1787292490.105722538 0, 73921, 96;1, 73921, 96;2, 0, 0;3, 0, 0;
1787292492.303348815 0, 73921, 71;1, 73921, 68;2, 0, 0;3, 0, 0;
1787292494.631574897 0, 73921, 95;1, 73921, 70;2, 0, 0;3, 0, 0;
1787292496.810174535 0, 73921, 78;1, 73921, 72;2, 0, 0;3, 0, 0;
1787292499.144377765 0, 73921, 98;1, 73921, 96;2, 0, 0;3, 0, 0;
1787292501.357616839 0, 73921, 63;1, 73921, 74;2, 0, 0;3, 0, 0;
1787292503.792324116 0, 73921, 97;1, 73921, 96;2, 0, 0;3, 0, 0;
1787292505.956809045 0, 73921, 94;1, 73921, 74;2, 0, 0;3, 0, 0;
1787292508.249585649 0, 73921, 84;1, 73921, 81;2, 0, 0;3, 0, 0;
1787292510.730908866 0, 73921, 74;1, 73921, 80;2, 0, 0;3, 0, 0;
1787292512.942693001 0, 73921, 94;1, 73921, 87;2, 0, 0;3, 0, 0;
1787292515.306813412 0, 73921, 96;1, 73921, 97;2, 0, 0;3, 0, 0;
1787292517.533353595 0, 73921, 73;1, 73921, 81;2, 0, 0;3, 0, 0;
1787292519.774917597 0, 73921, 97;1, 73921, 93;2, 0, 0;3, 0, 0;
1787292522.244583925 0, 73921, 97;1, 73921, 97;2, 0, 0;3, 0, 0;
1787292524.597573401 0, 73921, 97;1, 73921, 95;2, 0, 0;3, 0, 0;
1787292526.783738876 0, 73921, 97;1, 73921, 97;2, 0, 0;3, 0, 0;
1787292529.177526536 0, 73921, 96;1, 73921, 97;2, 0, 0;3, 0, 0;
1787292531.356517975 0, 73921, 93;1, 73921, 79;2, 0, 0;3, 0, 0;
1787292533.676520282 0, 73921, 96;1, 73921, 96;2, 0, 0;3, 0, 0;
1787292535.869526833 0, 73921, 88;1, 73921, 84;2, 0, 0;3, 0, 0;
1787292538.119068863 0, 73921, 98;1, 73921, 96;2, 0, 0;3, 0, 0;
1787292540.320553613 0, 73921, 74;1, 73921, 80;2, 0, 0;3, 0, 0;
1787292542.522616198 0, 73921, 94;1, 73921, 97;2, 0, 0;3, 0, 0;
1787292544.982859207 0, 73921, 97;1, 73921, 96;2, 0, 0;3, 0, 0;
1787292547.231417471 0, 73921, 94;1, 73921, 92;2, 0, 0;3, 0, 0;
1787292549.459657434 0, 73921, 96;1, 73921, 96;2, 0, 0;3, 0, 0;
1787292551.675751572 0, 73921, 78;1, 73921, 74;2, 0, 0;3, 0, 0;
1787292553.900815532 0, 73921, 67;1, 73921, 88;2, 0, 0;3, 0, 0;
1787292556.340000867 0, 73921, 97;1, 73921, 92;2, 0, 0;3, 0, 0;
1787292558.533371347 0, 73921, 84;1, 73921, 88;2, 0, 0;3, 0, 0;
1787292560.871801446 0, 73921, 96;1, 73921, 95;2, 0, 0;3, 0, 0;
1787292563.220702808 0, 73921, 97;1, 73921, 98;2, 0, 0;3, 0, 0;
1787292565.467433412 0, 73921, 92;1, 73921, 86;2, 0, 0;3, 0, 0;
1787292567.702300942 0, 73921, 95;1, 73921, 92;2, 0, 0;3, 0, 0;
1787292570.119843649 0, 73921, 96;1, 73921, 98;2, 0, 0;3, 0, 0;
1787292572.292397797 0, 73921, 70;1, 73921, 97;2, 0, 0;3, 0, 0;
1787292574.541254280 0, 73921, 94;1, 73921, 94;2, 0, 0;3, 0, 0;
1787292576.727946870 0, 73921, 74;1, 73921, 73;2, 0, 0;3, 0, 0;
1787292578.956435242 0, 73921, 96;1, 73921, 97;2, 0, 0;3, 0, 0;
1787292581.118191626 0, 73921, 79;1, 73921, 84;2, 0, 0;3, 0, 0;
1787292583.300304712 0, 73921, 63;1, 73921, 83;2, 0, 0;3, 0, 0;
1787292585.731977975 0, 73921, 77;1, 73921, 64;2, 0, 0;3, 0, 0;
1787292587.894967650 0, 73921, 97;1, 73921, 72;2, 0, 0;3, 0, 0;
1787292590.148898576 0, 73921, 96;1, 73921, 96;2, 0, 0;3, 0, 0;
1787292592.341030753 0, 73921, 95;1, 73921, 94;2, 0, 0;3, 0, 0;
1787292594.602029446 0, 73921, 96;1, 73921, 96;2, 0, 0;3, 0, 0;
1787292596.821448170 0, 73921, 65;1, 73921, 62;2, 0, 0;3, 0, 0;
1787292599.280493473 0, 73921, 97;1, 73921, 97;2, 0, 0;3, 0, 0;
1787292601.453973334 0, 73921, 69;1, 73921, 64;2, 0, 0;3, 0, 0;
1787292603.661328934 0, 73921, 97;1, 73921, 75;2, 0, 0;3, 0, 0;
1787292605.971845861 0, 73921, 97;1, 73921, 96;2, 0, 0;3, 0, 0;
1787292608.268000996 0, 73921, 96;1, 73921, 96;2, 0, 0;3, 0, 0;
1787292610.506928397 0, 73921, 95;1, 73921, 95;2, 0, 0;3, 0, 0;
1787292612.657644330 0, 73921, 97;1, 73921, 96;2, 0, 0;3, 0, 0;
1787292614.954593682 0, 73921, 91;1, 73921, 75;2, 0, 0;3, 0, 0;
1787292617.248272368 0, 73921, 76;1, 73921, 81;2, 0, 0;3, 0, 0;
1787292619.444444012 0, 73921, 97;1, 73921, 81;2, 0, 0;3, 0, 0;
1787292621.647992016 0, 73921, 95;1, 73921, 91;2, 0, 0;3, 0, 0;
1787292624.031445315 0, 73921, 97;1, 73921, 96;2, 0, 0;3, 0, 0;
1787292626.195060533 0, 73921, 70;1, 73921, 91;2, 0, 0;3, 0, 0;
1787292628.436155825 0, 73921, 96;1, 73921, 85;2, 0, 0;3, 0, 0;
1787292630.865861322 0, 73921, 62;1, 73921, 65;2, 0, 0;3, 0, 0;
1787292633.031776259 0, 73921, 82;1, 73921, 92;2, 0, 0;3, 0, 0;
1787292635.243672301 0, 73921, 63;1, 73921, 76;2, 0, 0;3, 0, 0;
1787292637.512194713 0, 73921, 96;1, 73921, 95;2, 0, 0;3, 0, 0;
1787292639.723588061 0, 73921, 80;1, 73921, 83;2, 0, 0;3, 0, 0;
1787292641.875292507 0, 73921, 95;1, 73921, 95;2, 0, 0;3, 0, 0;
1787292644.254559218 0, 73921, 93;1, 73921, 96;2, 0, 0;3, 0, 0;
1787292646.488709138 0, 73921, 66;1, 73921, 55;2, 0, 0;3, 0, 0;
1787292648.772341821 0, 73921, 96;1, 73921, 96;2, 0, 0;3, 0, 0;
1787292650.943416973 0, 73921, 67;1, 73921, 72;2, 0, 0;3, 0, 0;
1787292653.153177951 0, 73921, 96;1, 73921, 89;2, 0, 0;3, 0, 0;
1787292655.457980663 0, 73921, 96;1, 73921, 88;2, 0, 0;3, 0, 0;
1787292657.855983285 0, 73921, 96;1, 73921, 94;2, 0, 0;3, 0, 0;
1787292660.051867155 0, 73921, 81;1, 73921, 81;2, 0, 0;3, 0, 0;
1787292662.249860821 0, 73921, 81;1, 73921, 74;2, 0, 0;3, 0, 0;
1787292664.592350574 0, 73921, 97;1, 73921, 96;2, 0, 0;3, 0, 0;
1787292666.814233141 0, 73921, 94;1, 73921, 71;2, 0, 0;3, 0, 0;
1787292668.973609163 0, 73921, 96;1, 73921, 96;2, 0, 0;3, 0, 0;
1787292671.266185271 0, 73921, 78;1, 73921, 66;2, 0, 0;3, 0, 0;
1787292673.444945537 0, 73921, 93;1, 73921, 82;2, 0, 0;3, 0, 0;
1787292675.792994216 0, 73921, 97;1, 73921, 96;2, 0, 0;3, 0, 0;
1787292678.111479301 0, 73921, 95;1, 73921, 97;2, 0, 0;3, 0, 0;
1787292680.295756982 0, 73921, 96;1, 73921, 65;2, 0, 0;3, 0, 0;
1787292682.461886770 0, 73921, 70;1, 73921, 96;2, 0, 0;3, 0, 0;
1787292684.889026438 0, 73921, 86;1, 73921, 96;2, 0, 0;3, 0, 0;
1787292687.247399171 0, 73921, 86;1, 73921, 86;2, 0, 0;3, 0, 0;
1787292689.402185149 0, 73921, 81;1, 73921, 72;2, 0, 0;3, 0, 0;
1787292691.676342765 0, 73921, 82;1, 73921, 96;2, 0, 0;3, 0, 0;
1787292693.833166931 0, 73921, 96;1, 73921, 67;2, 0, 0;3, 0, 0;
1787292696.088854881 0, 73921, 95;1, 73921, 95;2, 0, 0;3, 0, 0;
1787292698.456229138 0, 73921, 73;1, 73921, 76;2, 0, 0;3, 0, 0;
1787292700.663092802 0, 73921, 75;1, 73921, 79;2, 0, 0;3, 0, 0;
1787292703.013288553 0, 73921, 96;1, 73921, 96;2, 0, 0;3, 0, 0;
1787292705.192582048 0, 73921, 66;1, 73921, 84;2, 0, 0;3, 0, 0;
1787292707.415061427 0, 73921, 93;1, 73921, 91;2, 0, 0;3, 0, 0;
1787292709.850699137 0, 73921, 97;1, 73921, 93;2, 0, 0;3, 0, 0;
1787292712.068172206 0, 73921, 61;1, 73921, 71;2, 0, 0;3, 0, 0;
1787292714.393459642 0, 73921, 93;1, 73921, 95;2, 0, 0;3, 0, 0;
1787292716.610298087 0, 73921, 85;1, 73921, 75;2, 0, 0;3, 0, 0;
1787292718.817760419 0, 73921, 80;1, 73921, 86;2, 0, 0;3, 0, 0;
1787292721.181687332 0, 73921, 96;1, 73921, 96;2, 0, 0;3, 0, 0;
1787292723.356555265 0, 73921, 72;1, 73921, 74;2, 0, 0;3, 0, 0;
1787292725.602496933 0, 73921, 96;1, 73921, 67;2, 0, 0;3, 0, 0;
1787292727.919967399 0, 73921, 96;1, 73921, 96;2, 0, 0;3, 0, 0;
1787292730.208822368 0, 73921, 85;1, 73921, 86;2, 0, 0;3, 0, 0;
1787292732.375494368 0, 73921, 91;1, 73921, 80;2, 0, 0;3, 0, 0;
1787292734.634599201 0, 73921, 95;1, 73921, 95;2, 0, 0;3, 0, 0;
1787292736.786963109 0, 73921, 72;1, 73921, 68;2, 0, 0;3, 0, 0;
1787292739.007772879 0, 73921, 94;1, 73921, 95;2, 0, 0;3, 0, 0;
1787292741.265784337 0, 73921, 71;1, 73921, 76;2, 0, 0;3, 0, 0;
1787292743.553581740 0, 73921, 94;1, 73921, 88;2, 0, 0;3, 0, 0;
1787292745.834045104 0, 73921, 95;1, 73921, 97;2, 0, 0;3, 0, 0;
1787292748.005681296 0, 73921, 82;1, 73921, 95;2, 0, 0;3, 0, 0;
1787292750.257774077 0, 73921, 97;1, 73921, 71;2, 0, 0;3, 0, 0;
1787292752.432200472 0, 73921, 91;1, 73921, 96;2, 0, 0;3, 0, 0;
1787292754.662318539 0, 73921, 97;1, 73921, 95;2, 0, 0;3, 0, 0;
1787292756.854934338 0, 73921, 63;1, 73921, 87;2, 0, 0;3, 0, 0;
1787292759.067743538 0, 73921, 96;1, 73921, 97;2, 0, 0;3, 0, 0;
1787292761.419472121 0, 73921, 84;1, 73921, 82;2, 0, 0;3, 0, 0;
1787292763.577624658 0, 73921, 95;1, 73921, 85;2, 0, 0;3, 0, 0;
1787292765.811220514 0, 73921, 97;1, 73921, 95;2, 0, 0;3, 0, 0;
1787292768.100584223 0, 73921, 61;1, 73921, 65;2, 0, 0;3, 0, 0;
1787292770.268972952 0, 73921, 95;1, 73921, 88;2, 0, 0;3, 0, 0;
1787292772.615903058 0, 73921, 97;1, 73921, 97;2, 0, 0;3, 0, 0;
1787292774.849395804 0, 73921, 86;1, 73921, 89;2, 0, 0;3, 0, 0;
1787292777.071886324 0, 73921, 91;1, 73921, 68;2, 0, 0;3, 0, 0;
1787292779.576192161 0, 73921, 69;1, 73921, 71;2, 0, 0;3, 0, 0;
1787292781.765049584 0, 73921, 73;1, 73921, 83;2, 0, 0;3, 0, 0;
1787292784.108569455 0, 73921, 94;1, 73921, 93;2, 0, 0;3, 0, 0;
1787292786.479192822 0, 73921, 95;1, 73921, 95;2, 0, 0;3, 0, 0;
1787292788.733029652 0, 73921, 74;1, 73921, 73;2, 0, 0;3, 0, 0;
1787292790.918744312 0, 73921, 93;1, 73921, 87;2, 0, 0;3, 0, 0;
1787292793.203541348 0, 73921, 89;1, 73921, 95;2, 0, 0;3, 0, 0;
1787292795.508873848 0, 73921, 80;1, 73921, 96;2, 0, 0;3, 0, 0;
1787292797.697806374 0, 73921, 97;1, 73921, 96;2, 0, 0;3, 0, 0;
1787292799.929085917 0, 73921, 76;1, 73921, 78;2, 0, 0;3, 0, 0;
1787292802.184081018 0, 73921, 95;1, 73921, 97;2, 0, 0;3, 0, 0;
1787292804.347711764 0, 73921, 67;1, 73921, 86;2, 0, 0;3, 0, 0;
1787292806.580980733 0, 73921, 98;1, 73921, 96;2, 0, 0;3, 0, 0;
1787292808.822259066 0, 73921, 66;1, 73921, 77;2, 0, 0;3, 0, 0;
1787292811.006894460 0, 73921, 96;1, 73921, 96;2, 0, 0;3, 0, 0;
1787292813.200189233 0, 73921, 86;1, 73921, 95;2, 0, 0;3, 0, 0;
1787292815.391703142 0, 73921, 95;1, 73921, 86;2, 0, 0;3, 0, 0;
1787292817.603842695 0, 73921, 87;1, 73921, 97;2, 0, 0;3, 0, 0;
1787292819.812585601 0, 73921, 96;1, 73921, 80;2, 0, 0;3, 0, 0;
1787292822.193577905 0, 73921, 89;1, 73921, 96;2, 0, 0;3, 0, 0;
1787292824.380489339 0, 73921, 78;1, 73921, 73;2, 0, 0;3, 0, 0;
1787292826.576278583 0, 73921, 95;1, 73921, 80;2, 0, 0;3, 0, 0;
1787292828.736994760 0, 73921, 97;1, 73921, 89;2, 0, 0;3, 0, 0;
1787292830.927562813 0, 73921, 95;1, 73921, 92;2, 0, 0;3, 0, 0;
1787292833.300002051 0, 73921, 96;1, 73921, 95;2, 0, 0;3, 0, 0;
1787292835.466295722 0, 73921, 77;1, 73921, 75;2, 0, 0;3, 0, 0;
1787292837.664167805 0, 73921, 95;1, 73921, 86;2, 0, 0;3, 0, 0;
1787292839.978629883 0, 73921, 95;1, 73921, 93;2, 0, 0;3, 0, 0;
1787292842.322383315 0, 73921, 95;1, 73921, 94;2, 0, 0;3, 0, 0;
1787292844.553668033 0, 73921, 84;1, 73921, 72;2, 0, 0;3, 0, 0;
1787292846.778049057 0, 73921, 97;1, 73921, 96;2, 0, 0;3, 0, 0;
1787292849.075976335 0, 73921, 78;1, 73921, 77;2, 0, 0;3, 0, 0;
1787292851.251415641 0, 73921, 85;1, 73921, 71;2, 0, 0;3, 0, 0;
1787292853.659602296 0, 73921, 78;1, 73921, 91;2, 0, 0;3, 0, 0;
1787292855.815448837 0, 73921, 85;1, 73921, 78;2, 0, 0;3, 0, 0;
1787292858.015323648 0, 73921, 0;1, 73921, 0;2, 0, 0;3, 0, 0;
1787292860.410773602 0, 73921, 93;1, 73921, 95;2, 0, 0;3, 0, 0;
1787292862.640150388 0, 73921, 62;1, 73921, 63;2, 0, 0;3, 0, 0;
1787292864.841058758 0, 73921, 94;1, 73921, 79;2, 0, 0;3, 0, 0;
1787292867.159798894 0, 73921, 69;1, 73921, 77;2, 0, 0;3, 0, 0;
1787292869.510374792 0, 73921, 91;1, 73921, 85;2, 0, 0;3, 0, 0;
1787292871.853933816 0, 73921, 72;1, 73921, 62;2, 0, 0;3, 0, 0;
1787292874.035477833 0, 73921, 95;1, 73921, 94;2, 0, 0;3, 0, 0;
1787292876.237905846 0, 73921, 80;1, 73921, 78;2, 0, 0;3, 0, 0;
1787292878.421589431 0, 73921, 86;1, 73921, 83;2, 0, 0;3, 0, 0;
1787292880.754654213 0, 73921, 86;1, 73921, 77;2, 0, 0;3, 0, 0;
1787292883.045742881 0, 73921, 90;1, 73921, 71;2, 0, 0;3, 0, 0;
1787292885.315790193 0, 73921, 79;1, 73921, 65;2, 0, 0;3, 0, 0;
1787292887.640011204 0, 73921, 97;1, 73921, 95;2, 0, 0;3, 0, 0;
1787292889.872636269 0, 73921, 96;1, 73921, 87;2, 0, 0;3, 0, 0;
1787292892.344852038 0, 73921, 96;1, 73921, 94;2, 0, 0;3, 0, 0;
1787292894.616662894 0, 73921, 81;1, 73921, 77;2, 0, 0;3, 0, 0;
1787292896.795254770 0, 73921, 93;1, 73921, 94;2, 0, 0;3, 0, 0;
1787292898.981741670 0, 73921, 85;1, 73921, 76;2, 0, 0;3, 0, 0;
1787292901.280174508 0, 73921, 93;1, 73921, 84;2, 0, 0;3, 0, 0;
1787292903.755911616 0, 73921, 95;1, 73921, 97;2, 0, 0;3, 0, 0;
1787292905.959542432 0, 73921, 65;1, 73921, 86;2, 0, 0;3, 0, 0;
1787292908.180882269 0, 73921, 96;1, 73921, 96;2, 0, 0;3, 0, 0;
1787292910.358805882 0, 73921, 87;1, 73921, 81;2, 0, 0;3, 0, 0;
1787292912.618429524 0, 73921, 94;1, 73921, 95;2, 0, 0;3, 0, 0;
1787292914.820294387 0, 73921, 67;1, 73921, 72;2, 0, 0;3, 0, 0;
1787292917.032524712 0, 73921, 65;1, 73921, 78;2, 0, 0;3, 0, 0;
1787292919.595118442 0, 73921, 81;1, 73921, 67;2, 0, 0;3, 0, 0;
1787292921.798019424 0, 73921, 77;1, 73921, 70;2, 0, 0;3, 0, 0;
1787292923.963246147 0, 73921, 71;1, 73921, 95;2, 0, 0;3, 0, 0;
1787292926.177611801 0, 73921, 71;1, 73921, 79;2, 0, 0;3, 0, 0;
1787292928.385092310 0, 73921, 96;1, 73921, 97;2, 0, 0;3, 0, 0;
1787292930.621587581 0, 73921, 77;1, 73921, 62;2, 0, 0;3, 0, 0;
1787292932.871114424 0, 73921, 67;1, 73921, 95;2, 0, 0;3, 0, 0;
1787292935.217555558 0, 73921, 95;1, 73921, 95;2, 0, 0;3, 0, 0;
1787292937.381839576 0, 73921, 89;1, 73921, 77;2, 0, 0;3, 0, 0;
1787292939.611926045 0, 73921, 91;1, 73921, 94;2, 0, 0;3, 0, 0;
1787292942.047738711 0, 73921, 96;1, 73921, 96;2, 0, 0;3, 0, 0;
1787292944.243495348 0, 73921, 63;1, 73921, 59;2, 0, 0;3, 0, 0;
1787292946.680427243 0, 73921, 96;1, 73921, 94;2, 0, 0;3, 0, 0;
1787292948.904866199 0, 73921, 97;1, 73921, 94;2, 0, 0;3, 0, 0;
1787292951.342799792 0, 73921, 86;1, 73921, 95;2, 0, 0;3, 0, 0;
1787292953.552985135 0, 73921, 75;1, 73921, 64;2, 0, 0;3, 0, 0;
1787292955.840046940 0, 73921, 97;1, 73921, 94;2, 0, 0;3, 0, 0;
1787292958.027753745 0, 73921, 65;1, 73921, 72;2, 0, 0;3, 0, 0;
1787292960.365198170 0, 73921, 75;1, 73921, 96;2, 0, 0;3, 0, 0;
1787292962.746346903 0, 73921, 96;1, 73921, 93;2, 0, 0;3, 0, 0;
1787292964.951976482 0, 73921, 76;1, 73921, 88;2, 0, 0;3, 0, 0;
1787292967.289541219 0, 73921, 86;1, 73921, 95;2, 0, 0;3, 0, 0;
1787292969.508432633 0, 73921, 70;1, 73921, 70;2, 0, 0;3, 0, 0;
1787292972.005743240 0, 73921, 89;1, 73921, 97;2, 0, 0;3, 0, 0;
1787292974.294376929 0, 73921, 63;1, 73921, 64;2, 0, 0;3, 0, 0;
1787292976.617357601 0, 73921, 95;1, 73921, 94;2, 0, 0;3, 0, 0;
1787292979.023265612 0, 73921, 68;1, 73921, 83;2, 0, 0;3, 0, 0;
1787292981.179703641 0, 73921, 97;1, 73921, 90;2, 0, 0;3, 0, 0;
1787292983.561924335 0, 73921, 97;1, 73921, 96;2, 0, 0;3, 0, 0;
1787292985.796197513 0, 73921, 74;1, 73921, 70;2, 0, 0;3, 0, 0;
1787292988.032915971 0, 73921, 96;1, 73921, 80;2, 0, 0;3, 0, 0;
1787292990.341888973 0, 73921, 79;1, 73921, 91;2, 0, 0;3, 0, 0;
1787292992.511981851 0, 73921, 82;1, 73921, 95;2, 0, 0;3, 0, 0;
1787292994.770175321 0, 73921, 89;1, 73921, 97;2, 0, 0;3, 0, 0;
1787292997.141644760 0, 73921, 97;1, 73921, 96;2, 0, 0;3, 0, 0;
1787292999.385339164 0, 73921, 88;1, 73921, 95;2, 0, 0;3, 0, 0;
1787293001.607321086 0, 73921, 94;1, 73921, 60;2, 0, 0;3, 0, 0;
1787293004.117525969 0, 73921, 93;1, 73921, 93;2, 0, 0;3, 0, 0;
1787293006.339325760 0, 73921, 8;1, 73921, 40;2, 0, 0;3, 0, 0;
1787293008.578870712 0, 73921, 96;1, 73921, 97;2, 0, 0;3, 0, 0;
1787293010.778162304 0, 73921, 77;1, 73921, 89;2, 0, 0;3, 0, 0;
1787293012.956916153 0, 73921, 75;1, 73921, 96;2, 0, 0;3, 0, 0;
1787293015.199701892 0, 73921, 97;1, 73921, 72;2, 0, 0;3, 0, 0;
1787293017.644763348 0, 73921, 95;1, 73921, 32;2, 0, 0;3, 0, 0;
1787293019.916290386 0, 73921, 60;1, 73921, 79;2, 0, 0;3, 0, 0;
1787293022.204907639 0, 73921, 58;1, 73921, 78;2, 0, 0;3, 0, 0;
1787293024.533155428 0, 73921, 92;1, 73921, 94;2, 0, 0;3, 0, 0;
1787293026.878222660 0, 73921, 82;1, 73921, 84;2, 0, 0;3, 0, 0;
1787293029.109016105 0, 73921, 83;1, 73921, 77;2, 0, 0;3, 0, 0;
1787293031.324079354 0, 73921, 97;1, 73921, 96;2, 0, 0;3, 0, 0;
1787293033.532768963 0, 73921, 86;1, 73921, 73;2, 0, 0;3, 0, 0;
1787293035.899752771 0, 73921, 81;1, 73921, 88;2, 0, 0;3, 0, 0;
1787293038.107707565 0, 73921, 72;1, 73921, 74;2, 0, 0;3, 0, 0;
1787293040.334643489 0, 73921, 97;1, 73921, 79;2, 0, 0;3, 0, 0;
1787293042.691925500 0, 73921, 97;1, 73921, 95;2, 0, 0;3, 0, 0;
1787293044.876414358 0, 73921, 78;1, 73921, 82;2, 0, 0;3, 0, 0;
1787293047.059166762 0, 73921, 85;1, 73921, 74;2, 0, 0;3, 0, 0;
1787293049.284496735 0, 73921, 97;1, 73921, 94;2, 0, 0;3, 0, 0;
1787293051.461920647 0, 73921, 79;1, 73921, 92;2, 0, 0;3, 0, 0;
1787293053.673078607 0, 73921, 73;1, 73921, 87;2, 0, 0;3, 0, 0;
1787293056.078028718 0, 73921, 97;1, 73921, 96;2, 0, 0;3, 0, 0;
1787293058.258113722 0, 73921, 86;1, 73921, 77;2, 0, 0;3, 0, 0;
1787293060.427949034 0, 73921, 78;1, 73921, 91;2, 0, 0;3, 0, 0;
1787293062.931335459 0, 73921, 96;1, 73921, 98;2, 0, 0;3, 0, 0;
1787293065.085731549 0, 73921, 80;1, 73921, 79;2, 0, 0;3, 0, 0;
1787293067.389560367 0, 73921, 97;1, 73921, 94;2, 0, 0;3, 0, 0;
1787293069.723528546 0, 73921, 69;1, 73921, 82;2, 0, 0;3, 0, 0;
1787293071.990434721 0, 73921, 78;1, 73921, 89;2, 0, 0;3, 0, 0;
1787293074.350217815 0, 73921, 84;1, 73921, 97;2, 0, 0;3, 0, 0;
1787293076.749950297 0, 73921, 67;1, 73921, 68;2, 0, 0;3, 0, 0;
1787293078.964215553 0, 73921, 96;1, 73921, 96;2, 0, 0;3, 0, 0;
1787293081.242480710 0, 73921, 69;1, 73921, 78;2, 0, 0;3, 0, 0;
1787293083.482641473 0, 73921, 96;1, 73921, 96;2, 0, 0;3, 0, 0;
1787293085.661661071 0, 73921, 90;1, 73921, 76;2, 0, 0;3, 0, 0;
1787293087.942997282 0, 73921, 96;1, 73921, 97;2, 0, 0;3, 0, 0;
1787293090.162720554 0, 73921, 91;1, 73921, 93;2, 0, 0;3, 0, 0;
1787293092.555913115 0, 73921, 79;1, 73921, 94;2, 0, 0;3, 0, 0;
1787293094.924163108 0, 73921, 92;1, 73921, 77;2, 0, 0;3, 0, 0;
1787293097.354416124 0, 73921, 96;1, 73921, 95;2, 0, 0;3, 0, 0;
1787293099.596301592 0, 73921, 55;1, 73921, 60;2, 0, 0;3, 0, 0;
1787293102.143067326 0, 73921, 77;1, 73921, 81;2, 0, 0;3, 0, 0;
1787293104.343154932 0, 73921, 87;1, 73921, 78;2, 0, 0;3, 0, 0;
1787293106.656454959 0, 73921, 74;1, 73921, 89;2, 0, 0;3, 0, 0;
1787293109.052496584 0, 73921, 75;1, 73921, 94;2, 0, 0;3, 0, 0;
1787293111.254985440 0, 73921, 77;1, 73921, 86;2, 0, 0;3, 0, 0;
1787293113.452184544 0, 73921, 95;1, 73921, 94;2, 0, 0;3, 0, 0;
1787293115.703212596 0, 73921, 71;1, 73921, 75;2, 0, 0;3, 0, 0;
1787293117.861176109 0, 73921, 97;1, 73921, 96;2, 0, 0;3, 0, 0;
1787293120.277218194 0, 73921, 97;1, 73921, 96;2, 0, 0;3, 0, 0;
1787293122.500923659 0, 73921, 81;1, 73921, 82;2, 0, 0;3, 0, 0;
1787293124.834076076 0, 73921, 96;1, 73921, 96;2, 0, 0;3, 0, 0;
1787293127.162363534 0, 73921, 78;1, 73921, 95;2, 0, 0;3, 0, 0;
1787293129.310205556 0, 73921, 91;1, 73921, 81;2, 0, 0;3, 0, 0;
1787293131.555899747 0, 73921, 96;1, 73921, 97;2, 0, 0;3, 0, 0;
1787293133.822952468 0, 73921, 83;1, 73921, 75;2, 0, 0;3, 0, 0;
1787293136.054742329 0, 73921, 86;1, 73921, 79;2, 0, 0;3, 0, 0;
1787293138.312953510 0, 73921, 96;1, 73921, 95;2, 0, 0;3, 0, 0;
1787293140.533103579 0, 73921, 81;1, 73921, 74;2, 0, 0;3, 0, 0;
1787293142.748762862 0, 73921, 82;1, 73921, 75;2, 0, 0;3, 0, 0;
1787293145.132666423 0, 73921, 96;1, 73921, 87;2, 0, 0;3, 0, 0;
1787293147.307806095 0, 73921, 71;1, 73921, 88;2, 0, 0;3, 0, 0;
1787293149.504423376 0, 73921, 94;1, 73921, 96;2, 0, 0;3, 0, 0;
1787293151.689834649 0, 73921, 66;1, 73921, 58;2, 0, 0;3, 0, 0;
1787293154.220922952 0, 73921, 68;1, 73921, 54;2, 0, 0;3, 0, 0;
1787293156.405510459 0, 73921, 67;1, 73921, 57;2, 0, 0;3, 0, 0;
1787293158.710225002 0, 73921, 82;1, 73921, 97;2, 0, 0;3, 0, 0;
1787293160.893043694 0, 73921, 85;1, 73921, 84;2, 0, 0;3, 0, 0;
1787293163.075310933 0, 73921, 94;1, 73921, 95;2, 0, 0;3, 0, 0;
1787293165.438330010 0, 73921, 0;1, 73921, 0;2, 0, 0;3, 0, 0;
1787293167.647582464 0, 73921, 80;1, 73921, 92;2, 0, 0;3, 0, 0;
1787293169.950947256 0, 73921, 97;1, 73921, 97;2, 0, 0;3, 0, 0;
1787293172.139551266 0, 73921, 97;1, 73921, 85;2, 0, 0;3, 0, 0;
1787293174.416906783 0, 73921, 70;1, 73921, 63;2, 0, 0;3, 0, 0;
1787293176.988277647 0, 73921, 94;1, 73921, 85;2, 0, 0;3, 0, 0;
1787293179.239927829 0, 73921, 96;1, 73921, 80;2, 0, 0;3, 0, 0;
1787293181.591108103 0, 73921, 97;1, 73921, 82;2, 0, 0;3, 0, 0;
1787293183.818980216 0, 73921, 97;1, 73921, 70;2, 0, 0;3, 0, 0;
1787293186.000771852 0, 73921, 84;1, 73921, 71;2, 0, 0;3, 0, 0;
1787293188.322747254 0, 73921, 96;1, 73921, 77;2, 0, 0;3, 0, 0;
1787293190.491660399 0, 73921, 96;1, 73921, 97;2, 0, 0;3, 0, 0;
1787293192.908993569 0, 73921, 87;1, 73921, 93;2, 0, 0;3, 0, 0;
1787293195.083429808 0, 73921, 97;1, 73921, 80;2, 0, 0;3, 0, 0;
1787293197.256941489 0, 73921, 73;1, 73921, 81;2, 0, 0;3, 0, 0;
1787293199.485040545 0, 73921, 82;1, 73921, 63;2, 0, 0;3, 0, 0;
1787293201.666492710 0, 73921, 94;1, 73921, 95;2, 0, 0;3, 0, 0;
1787293204.025700869 0, 73921, 92;1, 73921, 96;2, 0, 0;3, 0, 0;
1787293206.428882208 0, 73921, 71;1, 73921, 85;2, 0, 0;3, 0, 0;
1787293208.623954172 0, 73921, 63;1, 73921, 78;2, 0, 0;3, 0, 0;
1787293210.858048786 0, 73921, 91;1, 73921, 87;2, 0, 0;3, 0, 0;
1787293213.308543832 0, 73921, 96;1, 73921, 96;2, 0, 0;3, 0, 0;
1787293215.492588938 0, 73921, 84;1, 73921, 76;2, 0, 0;3, 0, 0;
1787293217.653939984 0, 73921, 89;1, 73921, 96;2, 0, 0;3, 0, 0;
1787293219.849539272 0, 73921, 93;1, 73921, 97;2, 0, 0;3, 0, 0;
1787293222.030243473 0, 73921, 97;1, 73921, 88;2, 0, 0;3, 0, 0;
1787293224.325631555 0, 73921, 77;1, 73921, 86;2, 0, 0;3, 0, 0;
1787293226.532434084 0, 73921, 85;1, 73921, 74;2, 0, 0;3, 0, 0;
1787293228.800476319 0, 73921, 97;1, 73921, 95;2, 0, 0;3, 0, 0;
1787293230.977081887 0, 73921, 81;1, 73921, 66;2, 0, 0;3, 0, 0;
1787293233.202078480 0, 73921, 94;1, 73921, 95;2, 0, 0;3, 0, 0;
1787293235.395248580 0, 73921, 81;1, 73921, 88;2, 0, 0;3, 0, 0;
1787293237.573439311 0, 73921, 80;1, 73921, 92;2, 0, 0;3, 0, 0;
1787293239.772403818 0, 73921, 96;1, 73921, 82;2, 0, 0;3, 0, 0;
1787293242.107699749 0, 73921, 96;1, 73921, 97;2, 0, 0;3, 0, 0;
1787293244.364982260 0, 73921, 96;1, 73921, 89;2, 0, 0;3, 0, 0;
1787293246.548122461 0, 73921, 95;1, 73921, 96;2, 0, 0;3, 0, 0;
1787293248.757218478 0, 73921, 62;1, 73921, 68;2, 0, 0;3, 0, 0;
1787293250.941506669 0, 73921, 90;1, 73921, 87;2, 0, 0;3, 0, 0;
1787293253.256203606 0, 73921, 97;1, 73921, 90;2, 0, 0;3, 0, 0;
1787293255.421043562 0, 73921, 75;1, 73921, 67;2, 0, 0;3, 0, 0;
1787293257.775496807 0, 73921, 96;1, 73921, 97;2, 0, 0;3, 0, 0;
1787293259.943268606 0, 73921, 63;1, 73921, 73;2, 0, 0;3, 0, 0;
1787293262.133282373 0, 73921, 77;1, 73921, 74;2, 0, 0;3, 0, 0;
1787293264.401575453 0, 73921, 98;1, 73921, 96;2, 0, 0;3, 0, 0;
1787293266.564770046 0, 73921, 69;1, 73921, 79;2, 0, 0;3, 0, 0;
1787293268.849910959 0, 73921, 97;1, 73921, 96;2, 0, 0;3, 0, 0;
1787293271.070888883 0, 73921, 96;1, 73921, 97;2, 0, 0;3, 0, 0;
1787293273.321250810 0, 73921, 57;1, 73921, 59;2, 0, 0;3, 0, 0;
1787293275.519661154 0, 73921, 97;1, 73921, 95;2, 0, 0;3, 0, 0;
1787293277.885121808 0, 73921, 79;1, 73921, 86;2, 0, 0;3, 0, 0;
1787293280.041656780 0, 73921, 83;1, 73921, 96;2, 0, 0;3, 0, 0;
1787293282.257688464 0, 73921, 97;1, 73921, 96;2, 0, 0;3, 0, 0;
1787293284.475802886 0, 73921, 72;1, 73921, 71;2, 0, 0;3, 0, 0;
1787293286.686790761 0, 73921, 96;1, 73921, 89;2, 0, 0;3, 0, 0;
1787293289.065871493 0, 73921, 98;1, 73921, 97;2, 0, 0;3, 0, 0;
1787293291.328641310 0, 73921, 78;1, 73921, 88;2, 0, 0;3, 0, 0;
1787293293.524292773 0, 73921, 97;1, 73921, 96;2, 0, 0;3, 0, 0;
1787293295.803514991 0, 73921, 79;1, 73921, 59;2, 0, 0;3, 0, 0;
1787293298.031139699 0, 73921, 96;1, 73921, 96;2, 0, 0;3, 0, 0;
1787293300.275919484 0, 73921, 96;1, 73921, 97;2, 0, 0;3, 0, 0;
1787293302.461538707 0, 73921, 82;1, 73921, 81;2, 0, 0;3, 0, 0;
1787293304.664015894 0, 73921, 97;1, 73921, 96;2, 0, 0;3, 0, 0;
1787293307.117988783 0, 73921, 95;1, 73921, 96;2, 0, 0;3, 0, 0;
1787293309.442577883 0, 73921, 96;1, 73921, 94;2, 0, 0;3, 0, 0;
1787293311.630008281 0, 73921, 94;1, 73921, 96;2, 0, 0;3, 0, 0;
1787293313.834707867 0, 73921, 96;1, 73921, 96;2, 0, 0;3, 0, 0;
1787293316.009878229 0, 73921, 68;1, 73921, 72;2, 0, 0;3, 0, 0;
1787293318.236987733 0, 73921, 95;1, 73921, 96;2, 0, 0;3, 0, 0;
1787293320.447297824 0, 73921, 80;1, 73921, 94;2, 0, 0;3, 0, 0;
1787293322.663590343 0, 73921, 78;1, 73921, 74;2, 0, 0;3, 0, 0;
1787293325.174614167 0, 73921, 91;1, 73921, 78;2, 0, 0;3, 0, 0;
1787293327.592567822 0, 73921, 95;1, 73921, 97;2, 0, 0;3, 0, 0;
1787293329.789072823 0, 73921, 80;1, 73921, 85;2, 0, 0;3, 0, 0;
1787293332.058623267 0, 73921, 94;1, 73921, 88;2, 0, 0;3, 0, 0;
1787293334.308801275 0, 73921, 97;1, 73921, 97;2, 0, 0;3, 0, 0;
1787293336.617879893 0, 73921, 97;1, 73921, 96;2, 0, 0;3, 0, 0;
1787293338.807721262 0, 73921, 76;1, 73921, 72;2, 0, 0;3, 0, 0;
1787293340.990026001 0, 73921, 93;1, 73921, 96;2, 0, 0;3, 0, 0;
1787293343.259957398 0, 73921, 75;1, 73921, 74;2, 0, 0;3, 0, 0;
1787293345.460712014 0, 73921, 94;1, 73921, 91;2, 0, 0;3, 0, 0;
1787293347.840296863 0, 73921, 80;1, 73921, 91;2, 0, 0;3, 0, 0;
1787293350.008954494 0, 73921, 70;1, 73921, 96;2, 0, 0;3, 0, 0;
1787293352.339107491 0, 73921, 96;1, 73921, 94;2, 0, 0;3, 0, 0;
1787293354.568915019 0, 73921, 77;1, 73921, 69;2, 0, 0;3, 0, 0;
1787293356.796012465 0, 73921, 93;1, 73921, 69;2, 0, 0;3, 0, 0;
1787293359.205807976 0, 73921, 97;1, 73921, 96;2, 0, 0;3, 0, 0;
1787293361.389133404 0, 73921, 84;1, 73921, 72;2, 0, 0;3, 0, 0;
1787293363.644655517 0, 73921, 95;1, 73921, 87;2, 0, 0;3, 0, 0;
1787293365.999854453 0, 73921, 95;1, 73921, 95;2, 0, 0;3, 0, 0;
1787293368.328526349 0, 73921, 85;1, 73921, 86;2, 0, 0;3, 0, 0;
1787293370.562422330 0, 73921, 79;1, 73921, 97;2, 0, 0;3, 0, 0;
1787293372.980622318 0, 73921, 97;1, 73921, 96;2, 0, 0;3, 0, 0;
1787293375.129279061 0, 73921, 79;1, 73921, 96;2, 0, 0;3, 0, 0;
1787293377.296246260 0, 73921, 94;1, 73921, 96;2, 0, 0;3, 0, 0;
1787293379.480507067 0, 73921, 86;1, 73921, 82;2, 0, 0;3, 0, 0;
1787293381.648986008 0, 73921, 86;1, 73921, 81;2, 0, 0;3, 0, 0;
1787293383.949105336 0, 73921, 96;1, 73921, 97;2, 0, 0;3, 0, 0;
1787293386.327281266 0, 73921, 95;1, 73921, 96;2, 0, 0;3, 0, 0;
1787293388.487276370 0, 73921, 84;1, 73921, 79;2, 0, 0;3, 0, 0;
1787293390.700080075 0, 73921, 88;1, 73921, 78;2, 0, 0;3, 0, 0;
1787293393.119027060 0, 73921, 96;1, 73921, 94;2, 0, 0;3, 0, 0;
1787293395.292151448 0, 73921, 75;1, 73921, 71;2, 0, 0;3, 0, 0;
1787293397.465321307 0, 73921, 95;1, 73921, 95;2, 0, 0;3, 0, 0;
1787293399.726024713 0, 73921, 76;1, 73921, 95;2, 0, 0;3, 0, 0;
1787293402.040167874 0, 73921, 86;1, 73921, 94;2, 0, 0;3, 0, 0;
1787293404.287212862 0, 73921, 86;1, 73921, 67;2, 0, 0;3, 0, 0;
1787293406.527130822 0, 73921, 70;1, 73921, 74;2, 0, 0;3, 0, 0;
1787293408.805879502 0, 73921, 94;1, 73921, 93;2, 0, 0;3, 0, 0;
1787293411.155817559 0, 73921, 96;1, 73921, 97;2, 0, 0;3, 0, 0;
1787293413.543334315 0, 73921, 96;1, 73921, 95;2, 0, 0;3, 0, 0;
1787293416.049418885 0, 73921, 78;1, 73921, 94;2, 0, 0;3, 0, 0;
1787293418.247693494 0, 73921, 96;1, 73921, 80;2, 0, 0;3, 0, 0;
1787293420.497210442 0, 73921, 95;1, 73921, 83;2, 0, 0;3, 0, 0;
1787293422.888503669 0, 73921, 96;1, 73921, 95;2, 0, 0;3, 0, 0;
1787293425.198203546 0, 73921, 88;1, 73921, 95;2, 0, 0;3, 0, 0;
1787293427.389043016 0, 73921, 61;1, 73921, 86;2, 0, 0;3, 0, 0;
1787293429.559888038 0, 73921, 95;1, 73921, 96;2, 0, 0;3, 0, 0;
1787293431.815169352 0, 73921, 59;1, 73921, 72;2, 0, 0;3, 0, 0;
1787293434.073191568 0, 73921, 71;1, 73921, 73;2, 0, 0;3, 0, 0;
1787293436.509664655 0, 73921, 96;1, 73921, 95;2, 0, 0;3, 0, 0;
1787293438.696739376 0, 73921, 79;1, 73921, 96;2, 0, 0;3, 0, 0;
1787293440.918575654 0, 73921, 85;1, 73921, 94;2, 0, 0;3, 0, 0;
1787293443.203015871 0, 73921, 88;1, 73921, 94;2, 0, 0;3, 0, 0;
1787293445.410593016 0, 73921, 97;1, 73921, 83;2, 0, 0;3, 0, 0;
1787293447.555135619 0, 73921, 83;1, 73921, 62;2, 0, 0;3, 0, 0;
1787293450.037603402 0, 73921, 64;1, 73921, 79;2, 0, 0;3, 0, 0;
1787293452.256177775 0, 73921, 55;1, 73921, 80;2, 0, 0;3, 0, 0;
1787293454.446995377 0, 73921, 95;1, 73921, 94;2, 0, 0;3, 0, 0;
1787293456.635804722 0, 73921, 79;1, 73921, 69;2, 0, 0;3, 0, 0;
1787293458.902044735 0, 73921, 94;1, 73921, 80;2, 0, 0;3, 0, 0;
1787293461.319242359 0, 73921, 95;1, 73921, 95;2, 0, 0;3, 0, 0;
1787293463.511618223 0, 73921, 69;1, 73921, 78;2, 0, 0;3, 0, 0;
1787293465.762773686 0, 73921, 95;1, 73921, 95;2, 0, 0;3, 0, 0;
1787293467.940148031 0, 73921, 95;1, 73921, 80;2, 0, 0;3, 0, 0;
1787293470.137720124 0, 73921, 89;1, 73921, 96;2, 0, 0;3, 0, 0;
1787293472.495493710 0, 73921, 80;1, 73921, 76;2, 0, 0;3, 0, 0;
1787293474.971661370 0, 73921, 94;1, 73921, 92;2, 0, 0;3, 0, 0;
1787293477.212524242 0, 73921, 96;1, 73921, 80;2, 0, 0;3, 0, 0;
1787293479.419023026 0, 73921, 80;1, 73921, 89;2, 0, 0;3, 0, 0;
1787293481.776125364 0, 73921, 95;1, 73921, 95;2, 0, 0;3, 0, 0;
1787293483.930256760 0, 73921, 68;1, 73921, 74;2, 0, 0;3, 0, 0;
1787293486.084712341 0, 73921, 50;1, 73921, 84;2, 0, 0;3, 0, 0;
1787293488.708414699 0, 73921, 95;1, 73921, 96;2, 0, 0;3, 0, 0;
1787293490.950516561 0, 73921, 78;1, 73921, 64;2, 0, 0;3, 0, 0;
1787293493.203680115 0, 73921, 84;1, 73921, 97;2, 0, 0;3, 0, 0;
1787293495.392263600 0, 73921, 82;1, 73921, 76;2, 0, 0;3, 0, 0;
1787293497.599705847 0, 73921, 87;1, 73921, 96;2, 0, 0;3, 0, 0;
1787293499.956290301 0, 73921, 95;1, 73921, 95;2, 0, 0;3, 0, 0;
1787293502.159674902 0, 73921, 81;1, 73921, 71;2, 0, 0;3, 0, 0;
1787293504.492747530 0, 73921, 97;1, 73921, 96;2, 0, 0;3, 0, 0;
1787293506.689082938 0, 73921, 78;1, 73921, 64;2, 0, 0;3, 0, 0;
1787293508.865115101 0, 73921, 96;1, 73921, 96;2, 0, 0;3, 0, 0;
1787293511.105430469 0, 73921, 71;1, 73921, 52;2, 0, 0;3, 0, 0;
1787293513.263016845 0, 73921, 96;1, 73921, 96;2, 0, 0;3, 0, 0;
1787293515.409663742 0, 73921, 85;1, 73921, 95;2, 0, 0;3, 0, 0;
1787293517.631114554 0, 73921, 97;1, 73921, 96;2, 0, 0;3, 0, 0;
1787293519.803456061 0, 73921, 80;1, 73921, 64;2, 0, 0;3, 0, 0;
1787293522.010518877 0, 73921, 81;1, 73921, 60;2, 0, 0;3, 0, 0;
