1787251915.586233467 0, 39121, 1;1, 32305, 0;2, 21405, 0;3, 10721, 0;
1787251918.955039101 0, 39877, 7;1, 32457, 21;2, 22047, 6;3, 10721, 0;
1787251921.991259574 0, 39877, 24;1, 32477, 23;2, 22047, 23;3, 10721, 0;
1787251925.291400373 0, 39877, 21;1, 32589, 14;2, 22313, 26;3, 10721, 0;
1787251928.568267424 0, 39941, 0;1, 32855, 13;2, 22859, 7;3, 10721, 0;
1787251931.053559509 0, 39941, 22;1, 32855, 10;2, 23083, 28;3, 10721, 0;
1787251934.456796225 0, 39941, 35;1, 33307, 26;2, 23419, 19;3, 10721, 0;
1787251937.934410370 0, 40057, 20;1, 33419, 20;2, 23595, 26;3, 10721, 0;
1787251941.173748724 0, 40501, 21;1, 33419, 31;2, 24043, 10;3, 10721, 0;
1787251944.277764065 0, 40995, 29;1, 33539, 39;2, 24155, 12;3, 10721, 0;
1787251947.236607647 0, 40995, 13;1, 33643, 16;2, 24397, 18;3, 10721, 0;
1787251950.670879630 0, 43835, 1;1, 33643, 0;2, 25143, 12;3, 13561, 0;
1787251953.506410810 0, 44393, 15;1, 33687, 28;2, 25815, 31;3, 14119, 0;
1787251956.551467850 0, 44393, 37;1, 33799, 13;2, 25815, 19;3, 14119, 25;
1787251959.834458897 0, 44393, 100;1, 33799, 97;2, 25815, 97;3, 14119, 70;
1787251962.434016544 0, 44393, 39;1, 33799, 20;2, 25815, 33;3, 14119, 21;
1787251964.994985657 0, 41673, 43;1, 33879, 34;2, 23097, 17;3, 14119, 5;
1787251967.553932314 0, 41673, 18;1, 34049, 23;2, 23097, 9;3, 14119, 6;
1787251971.204712390 0, 41727, 100;1, 34049, 97;2, 23097, 64;3, 14119, 57;
1787251973.677652510 0, 41989, 33;1, 34051, 20;2, 22425, 5;3, 14119, 6;
1787251976.601108031 0, 42657, 11;1, 34051, 22;2, 22425, 6;3, 14119, 6;
1787251979.985833736 0, 43055, 22;1, 34223, 10;2, 22241, 8;3, 21769, 0;
1787251983.776805793 0, 43343, 15;1, 34051, 28;2, 21417, 0;3, 22645, 0;
1787251987.063484529 0, 43569, 10;1, 33939, 11;2, 21417, 0;3, 22645, 4;
1787251990.269676859 0, 44137, 34;1, 33939, 24;2, 21417, 21;3, 22645, 18;
1787251992.955388454 0, 44547, 59;1, 33939, 29;2, 21417, 9;3, 22645, 20;
1787251995.869222671 0, 43977, 20;1, 33939, 10;2, 21417, 8;3, 22667, 8;
1787251999.312734825 0, 36119, 88;1, 33939, 98;2, 21417, 54;3, 22667, 28;
1787252002.055822448 0, 36247, 29;1, 33939, 3;2, 21417, 11;3, 22667, 11;
1787252005.017159718 0, 36247, 9;1, 33939, 8;2, 21417, 14;3, 22691, 4;
1787252008.065137620 0, 36247, 18;1, 33939, 32;2, 21417, 8;3, 22691, 16;
1787252011.270023520 0, 36247, 8;1, 34139, 23;2, 20969, 10;3, 22691, 7;
1787252014.517107753 0, 36247, 52;1, 34139, 97;2, 20969, 48;3, 22691, 0;
1787252016.965783657 0, 33573, 25;1, 34139, 30;2, 20969, 5;3, 19847, 31;
1787252020.016806122 0, 33749, 17;1, 34139, 17;2, 20969, 11;3, 19847, 0;
1787252023.227831469 0, 33749, 13;1, 34139, 18;2, 20969, 7;3, 19879, 7;
1787252026.115127193 0, 33749, 22;1, 34139, 33;2, 20969, 3;3, 19879, 4;
1787252028.707150312 0, 33493, 21;1, 34141, 20;2, 20857, 7;3, 19879, 4;
1787252031.772421706 0, 33365, 14;1, 34141, 13;2, 20857, 9;3, 20149, 15;
1787252034.984088948 0, 33365, 8;1, 34141, 20;2, 20857, 3;3, 20379, 9;
1787252038.071524241 0, 32469, 12;1, 34141, 35;2, 20511, 0;3, 20381, 12;
1787252041.671303747 0, 32469, 12;1, 34141, 12;2, 20409, 10;3, 20381, 8;
1787252045.221554445 0, 31573, 26;1, 34141, 13;2, 20409, 10;3, 20381, 8;
1787252048.351918226 0, 31573, 49;1, 34141, 68;2, 20409, 44;3, 20381, 26;
1787252050.892451891 0, 31317, 6;1, 34141, 0;2, 20409, 0;3, 20381, 1;
1787252054.763420929 0, 31317, 18;1, 34141, 25;2, 20409, 20;3, 20381, 14;
1787252057.315380091 0, 31317, 23;1, 34253, 27;2, 20409, 10;3, 20381, 15;
1787252060.310302727 0, 31317, 14;1, 34253, 21;2, 20409, 10;3, 20411, 0;
1787252063.679227120 0, 31061, 9;1, 34253, 0;2, 20409, 7;3, 20525, 8;
1787252067.694328869 0, 31061, 22;1, 34253, 19;2, 20409, 19;3, 20669, 16;
1787252070.507342985 0, 31061, 16;1, 34365, 7;2, 20409, 4;3, 20669, 5;
1787252073.512651650 0, 31061, 13;1, 28997, 6;2, 20409, 0;3, 20813, 5;
1787252076.707043540 0, 31061, 12;1, 28997, 6;2, 20409, 10;3, 20813, 9;
1787252079.881938311 0, 31061, 79;1, 29109, 32;2, 20409, 10;3, 20813, 8;
1787252082.763302279 0, 31061, 15;1, 29221, 14;2, 20409, 7;3, 20813, 12;
1787252085.253219657 0, 31061, 11;1, 29265, 0;2, 20409, 7;3, 20813, 4;
1787252088.454966633 0, 31061, 12;1, 29333, 14;2, 20409, 7;3, 20813, 20;
1787252091.625192248 0, 31061, 12;1, 29333, 19;2, 20409, 7;3, 20813, 0;
1787252094.878868000 0, 31061, 6;1, 29333, 19;2, 20409, 3;3, 20813, 5;
1787252098.067324774 0, 31061, 12;1, 29333, 15;2, 20409, 5;3, 20813, 17;
1787252101.278695113 0, 30933, 12;1, 29333, 16;2, 20409, 8;3, 20811, 9;
1787252104.730332157 0, 30933, 18;1, 29221, 17;2, 20409, 8;3, 26077, 4;
1787252107.873178472 0, 30805, 51;1, 29221, 65;2, 20409, 48;3, 26679, 49;
1787252110.374429507 0, 30805, 7;1, 29221, 11;2, 20297, 0;3, 26681, 0;
1787252113.756773062 0, 30805, 11;1, 28437, 0;2, 20297, 0;3, 26793, 17;
1787252117.188248942 0, 30549, 0;1, 28437, 0;2, 20297, 0;3, 26793, 88;
1787252119.632021308 0, 30549, 0;1, 28437, 0;2, 20297, 0;3, 26905, 0;
1787252122.732658341 0, 30549, 0;1, 28437, 0;2, 20297, 0;3, 26919, 16;
1787252125.573825072 0, 30549, 0;1, 28437, 0;2, 20297, 0;3, 27129, 9;
1787252128.538063533 0, 30549, 0;1, 28437, 0;2, 20297, 0;3, 27241, 25;
1787252131.671186074 0, 30549, 0;1, 28437, 0;2, 20297, 0;3, 27353, 10;
1787252134.742338681 0, 30549, 0;1, 28437, 0;2, 20297, 0;3, 27353, 46;
1787252137.846447491 0, 30549, 25;1, 28437, 0;2, 20801, 9;3, 27857, 13;
1787252140.989690189 0, 31527, 73;1, 28437, 0;2, 23139, 47;3, 30195, 99;
1787252143.500657218 0, 31783, 0;1, 28437, 0;2, 23693, 19;3, 30749, 34;
1787252146.194232131 0, 32399, 66;1, 28437, 0;2, 23693, 15;3, 30749, 35;
1787252149.352963248 0, 33517, 0;1, 28437, 0;2, 23695, 35;3, 30751, 10;
1787252152.848289355 0, 35613, 11;1, 28657, 7;2, 23997, 11;3, 30751, 45;
1787252156.340138226 0, 37057, 18;1, 13581, 0;2, 26539, 25;3, 30751, 21;
1787252159.661169732 0, 38165, 0;1, 14133, 16;2, 27091, 99;3, 30303, 88;
1787252162.157317167 0, 38549, 26;1, 14135, 22;2, 27093, 8;3, 30303, 6;
1787252165.129322787 0, 38423, 41;1, 14135, 0;2, 25877, 17;3, 27459, 0;
1787252168.351520108 0, 38423, 13;1, 14135, 4;2, 24249, 17;3, 27459, 0;
1787252171.684981319 0, 38167, 88;1, 14135, 78;2, 24249, 90;3, 27459, 0;
1787252174.203945979 0, 37911, 19;1, 14135, 10;2, 24249, 5;3, 27459, 0;
1787252177.430599584 0, 37911, 10;1, 14135, 19;2, 24249, 31;3, 27459, 0;
1787252180.896443604 0, 38167, 22;1, 14135, 7;2, 24249, 27;3, 27459, 0;
1787252184.370995578 0, 38603, 0;1, 14135, 7;2, 24249, 29;3, 27459, 0;
1787252188.335870702 0, 39779, 0;1, 14135, 14;2, 24249, 0;3, 27357, 0;
1787252192.214070001 0, 40599, 35;1, 14201, 25;2, 24315, 22;3, 18307, 6;
1787252195.202190004 0, 41053, 69;1, 14635, 26;2, 24861, 48;3, 35119, 59;
1787252198.724191334 0, 40215, 39;1, 14201, 72;2, 24427, 95;3, 37185, 49;
1787252201.211500452 0, 40087, 24;1, 14201, 9;2, 24427, 0;3, 37185, 0;
1787252204.605363164 0, 39831, 20;1, 14265, 7;2, 24603, 11;3, 37187, 0;
1787252207.717115381 0, 38807, 14;1, 14265, 10;2, 24827, 14;3, 37261, 19;
1787252211.046989264 0, 38423, 78;1, 14329, 64;2, 25115, 97;3, 37517, 93;
1787252213.551256181 0, 38167, 15;1, 14329, 26;2, 25227, 29;3, 37517, 8;
1787252216.611163363 0, 36247, 21;1, 14329, 32;2, 25227, 0;3, 37517, 34;
1787252219.569251256 0, 35223, 19;1, 14329, 10;2, 25429, 2;3, 37517, 11;
1787252223.254717444 0, 35223, 11;1, 14329, 6;2, 26393, 17;3, 37517, 4;
1787252226.832191958 0, 35223, 13;1, 14329, 11;2, 26393, 29;3, 37517, 12;
1787252230.143501870 0, 33047, 6;1, 14329, 4;2, 26393, 31;3, 37517, 23;
1787252233.439043200 0, 33047, 67;1, 14329, 79;2, 26393, 91;3, 37517, 28;
1787252236.205137377 0, 32407, 24;1, 14329, 18;2, 26393, 39;3, 37745, 29;
1787252238.812827504 0, 32279, 18;1, 14329, 33;2, 26393, 23;3, 38129, 30;
1787252241.636891753 0, 32279, 6;1, 14329, 15;2, 26393, 27;3, 38465, 46;
1787252244.900168358 0, 31895, 18;1, 14329, 20;2, 25721, 32;3, 38465, 0;
1787252248.584493278 0, 31383, 0;1, 14329, 11;2, 24713, 9;3, 39037, 11;
1787252251.753172389 0, 31383, 0;1, 14329, 2;2, 24713, 28;3, 39407, 7;
1787252254.892395646 0, 31383, 0;1, 14329, 4;2, 24713, 0;3, 40037, 40;
1787252258.166843775 0, 37961, 50;1, 14501, 49;2, 24865, 81;3, 40551, 81;
1787252260.718620505 0, 40107, 11;1, 14329, 9;2, 24713, 22;3, 40709, 28;
1787252263.650805720 0, 40165, 0;1, 14329, 14;2, 24713, 3;3, 40821, 24;
1787252266.897213276 0, 40251, 7;1, 14329, 5;2, 24713, 3;3, 40821, 38;
1787252270.367853553 0, 40253, 16;1, 14329, 9;2, 24713, 12;3, 40821, 48;
1787252272.867747847 0, 40253, 13;1, 14329, 9;2, 24713, 1;3, 40933, 4;
1787252275.962305012 0, 40253, 8;1, 14329, 14;2, 24713, 5;3, 32413, 0;
1787252279.542828529 0, 40253, 9;1, 14329, 14;2, 24713, 14;3, 32499, 23;
1787252282.856691299 0, 40253, 22;1, 14329, 3;2, 24713, 11;3, 32499, 22;
1787252286.089311219 0, 40227, 8;1, 14329, 36;2, 24679, 5;3, 32499, 20;
1787252289.563804896 0, 20989, 4;1, 14329, 6;2, 15683, 6;3, 32499, 24;
1787252292.805764877 0, 20989, 7;1, 14329, 12;2, 15683, 3;3, 32499, 17;
1787252295.949452207 0, 20989, 33;1, 14329, 36;2, 15683, 66;3, 32499, 84;
1787252298.426765658 0, 20989, 24;1, 14329, 8;2, 15683, 4;3, 32499, 13;
1787252301.739964333 0, 20989, 14;1, 14329, 0;2, 15683, 12;3, 32499, 6;
1787252305.091210329 0, 20989, 0;1, 14329, 2;2, 15683, 7;3, 32499, 34;
1787252307.593801833 0, 20989, 7;1, 14329, 14;2, 15683, 3;3, 32499, 14;
1787252310.692806532 0, 20989, 0;1, 14329, 13;2, 15683, 4;3, 32499, 0;
1787252314.149105550 0, 20989, 19;1, 14329, 36;2, 15683, 55;3, 32499, 39;
1787252316.658677297 0, 20989, 8;1, 14329, 6;2, 15683, 15;3, 32499, 16;
1787252319.660266162 0, 21255, 8;1, 14595, 5;2, 36363, 16;3, 32765, 0;
1787252323.165244941 0, 20989, 17;1, 14329, 21;2, 38643, 26;3, 32387, 15;
1787252326.315179529 0, 20989, 4;1, 14329, 16;2, 38999, 33;3, 32387, 7;
1787252329.475542207 0, 20989, 5;1, 14329, 27;2, 39239, 23;3, 32387, 20;
1787252332.850004200 0, 20989, 47;1, 14329, 77;2, 39239, 33;3, 31939, 6;
1787252335.763584213 0, 20989, 11;1, 14329, 14;2, 39407, 19;3, 31493, 2;
1787252338.401992464 0, 20989, 41;1, 14329, 72;2, 39623, 99;3, 31155, 72;
1787252340.896259124 0, 20989, 45;1, 14329, 72;2, 39623, 100;3, 30931, 56;
1787252343.523977243 0, 20989, 9;1, 14329, 11;2, 39623, 20;3, 30931, 17;
1787252346.519100708 0, 20989, 7;1, 14329, 30;2, 39623, 14;3, 30483, 1;
1787252349.669057596 0, 20989, 8;1, 14329, 14;2, 39623, 30;3, 30147, 0;
