1787301013.647095849 0, 33372, 0;1, 33386, 0;2, 0, 0;3, 0, 0;
1787301016.468023093 0, 33844, 12;1, 33858, 10;2, 0, 0;3, 0, 0;
1787301018.864143871 0, 33846, 14;1, 33904, 47;2, 0, 0;3, 0, 0;
1787301021.226911532 0, 33846, 23;1, 34120, 52;2, 0, 0;3, 0, 0;
1787301023.560982081 0, 33846, 21;1, 34292, 61;2, 0, 0;3, 0, 0;
1787301025.966564444 0, 34000, 18;1, 34518, 42;2, 0, 0;3, 0, 0;
1787301028.371228610 0, 34000, 24;1, 34776, 40;2, 0, 0;3, 0, 0;
1787301030.849712507 0, 34000, 18;1, 34888, 36;2, 0, 0;3, 0, 0;
1787301033.215962800 0, 34000, 24;1, 34888, 53;2, 0, 0;3, 0, 0;
1787301035.528515865 0, 34000, 24;1, 35048, 33;2, 0, 0;3, 0, 0;
1787301037.815125768 0, 34224, 13;1, 35160, 57;2, 0, 0;3, 0, 0;
1787301040.160564370 0, 34224, 28;1, 35160, 38;2, 0, 0;3, 0, 0;
1787301042.502067393 0, 34570, 24;1, 35160, 39;2, 0, 0;3, 0, 0;
1787301044.818620692 0, 34570, 36;1, 35384, 48;2, 0, 0;3, 0, 0;
1787301047.211679892 0, 34570, 12;1, 35384, 41;2, 0, 0;3, 0, 0;
1787301049.543493337 0, 34570, 37;1, 35384, 31;2, 0, 0;3, 0, 0;
1787301051.882295825 0, 34570, 23;1, 35434, 49;2, 0, 0;3, 0, 0;
1787301054.206948368 0, 34610, 28;1, 35514, 56;2, 0, 0;3, 0, 0;
1787301056.546505294 0, 34664, 28;1, 35514, 41;2, 0, 0;3, 0, 0;
1787301058.905397185 0, 34908, 24;1, 35514, 37;2, 0, 0;3, 0, 0;
1787301061.203231302 0, 35708, 41;1, 35514, 48;2, 0, 0;3, 0, 0;
1787301063.555802778 0, 35916, 28;1, 35514, 47;2, 0, 0;3, 0, 0;
1787301065.927437166 0, 36226, 44;1, 35514, 35;2, 0, 0;3, 0, 0;
1787301068.393881492 0, 36492, 36;1, 35402, 36;2, 0, 0;3, 0, 0;
1787301070.809960753 0, 36620, 41;1, 35402, 19;2, 0, 0;3, 0, 0;
1787301073.176463737 0, 37260, 41;1, 35404, 31;2, 0, 0;3, 0, 0;
1787301075.571932087 0, 37762, 49;1, 35404, 21;2, 0, 0;3, 0, 0;
1787301078.094200823 0, 37930, 53;1, 35404, 13;2, 0, 0;3, 0, 0;
1787301081.130101053 0, 38808, 87;1, 35404, 8;2, 0, 0;3, 0, 0;
1787301083.853482348 0, 39522, 51;1, 35292, 0;2, 0, 0;3, 0, 0;
1787301086.300109344 0, 39522, 44;1, 35292, 0;2, 0, 0;3, 0, 0;
1787301088.648605921 0, 39640, 49;1, 35292, 0;2, 0, 0;3, 0, 0;
1787301090.969962336 0, 39640, 45;1, 35292, 9;2, 0, 0;3, 0, 0;
1787301093.437577332 0, 39896, 44;1, 38566, 33;2, 0, 0;3, 0, 0;
1787301095.865626904 0, 40024, 56;1, 38568, 28;2, 0, 0;3, 0, 0;
1787301098.296199275 0, 40792, 75;1, 38568, 6;2, 0, 0;3, 0, 0;
1787301100.654908143 0, 37286, 35;1, 38568, 13;2, 0, 0;3, 0, 0;
1787301103.025415399 0, 37500, 49;1, 38632, 6;2, 0, 0;3, 0, 0;
1787301105.402901309 0, 37500, 43;1, 38632, 6;2, 0, 0;3, 0, 0;
1787301107.850623513 0, 37500, 53;1, 22778, 18;2, 0, 0;3, 0, 0;
1787301110.242589312 0, 37500, 47;1, 22778, 32;2, 0, 0;3, 0, 0;
1787301112.544595742 0, 37500, 45;1, 22778, 19;2, 0, 0;3, 0, 0;
1787301115.105214580 0, 37372, 4;1, 22778, 13;2, 0, 0;3, 0, 0;
1787301117.442922478 0, 37372, 35;1, 22778, 21;2, 0, 0;3, 0, 0;
1787301119.912584941 0, 37372, 32;1, 22778, 5;2, 0, 0;3, 0, 0;
1787301122.336193971 0, 37244, 35;1, 22908, 21;2, 0, 0;3, 0, 0;
1787301124.732615250 0, 37244, 81;1, 22908, 17;2, 0, 0;3, 0, 0;
1787301127.212644593 0, 37244, 51;1, 22908, 18;2, 0, 0;3, 0, 0;
1787301129.549838702 0, 37244, 47;1, 22984, 22;2, 0, 0;3, 0, 0;
1787301132.091975769 0, 37116, 11;1, 37608, 21;2, 0, 0;3, 0, 0;
1787301134.511905007 0, 37142, 65;1, 38056, 87;2, 0, 0;3, 0, 0;
1787301137.019700521 0, 36604, 29;1, 39788, 42;2, 0, 0;3, 0, 0;
1787301139.352665333 0, 35964, 39;1, 39900, 36;2, 0, 0;3, 0, 0;
1787301141.711155056 0, 35452, 27;1, 40236, 22;2, 0, 0;3, 0, 0;
1787301144.213516932 0, 35068, 18;1, 41020, 42;2, 0, 0;3, 0, 0;
1787301146.541377558 0, 33276, 6;1, 41468, 22;2, 0, 0;3, 0, 0;
1787301148.992028121 0, 33276, 18;1, 41692, 34;2, 0, 0;3, 0, 0;
1787301151.307812939 0, 33276, 17;1, 41806, 11;2, 0, 0;3, 0, 0;
1787301153.706881949 0, 33020, 6;1, 42956, 22;2, 0, 0;3, 0, 0;
1787301156.565008813 0, 32764, 12;1, 43688, 32;2, 0, 0;3, 0, 0;
1787301159.624215358 0, 32764, 18;1, 43864, 43;2, 0, 0;3, 0, 0;
1787301162.183594367 0, 32764, 23;1, 43630, 39;2, 0, 0;3, 0, 0;
1787301164.633779013 0, 32764, 25;1, 38438, 43;2, 0, 0;3, 0, 0;
1787301167.019770690 0, 32764, 8;1, 38868, 38;2, 0, 0;3, 0, 0;
1787301169.423609232 0, 32764, 24;1, 39092, 57;2, 0, 0;3, 0, 0;
1787301171.850942886 0, 32764, 22;1, 39092, 48;2, 0, 0;3, 0, 0;
1787301174.248644254 0, 47388, 45;1, 39630, 91;2, 0, 0;3, 0, 0;
1787301176.714820444 0, 48352, 17;1, 39092, 80;2, 0, 0;3, 0, 0;
1787301179.056353263 0, 48420, 43;1, 39092, 61;2, 0, 0;3, 0, 0;
1787301181.470560687 0, 48420, 41;1, 39092, 32;2, 0, 0;3, 0, 0;
1787301184.008428923 0, 40046, 41;1, 19466, 71;2, 0, 0;3, 0, 0;
1787301186.345537533 0, 40208, 46;1, 19466, 13;2, 0, 0;3, 0, 0;
1787301188.619719343 0, 40718, 48;1, 21830, 15;2, 0, 0;3, 0, 0;
1787301191.157261110 0, 40472, 26;1, 22228, 25;2, 0, 0;3, 0, 0;
1787301193.468843401 0, 40472, 52;1, 21892, 37;2, 0, 0;3, 0, 0;
1787301195.987467110 0, 41008, 33;1, 19978, 44;2, 0, 0;3, 0, 0;
1787301198.420472609 0, 41008, 76;1, 19540, 25;2, 0, 0;3, 0, 0;
1787301200.743585640 0, 41120, 29;1, 19542, 29;2, 0, 0;3, 0, 0;
1787301203.199792375 0, 41232, 47;1, 19542, 95;2, 0, 0;3, 0, 0;
1787301205.589463173 0, 41344, 46;1, 19542, 97;2, 0, 0;3, 0, 0;
1787301207.868031154 0, 41456, 42;1, 19542, 15;2, 0, 0;3, 0, 0;
1787301210.209339523 0, 41680, 42;1, 19542, 25;2, 0, 0;3, 0, 0;
1787301212.532556359 0, 41680, 78;1, 19542, 35;2, 0, 0;3, 0, 0;
1787301214.956642488 0, 41792, 42;1, 19542, 35;2, 0, 0;3, 0, 0;
1787301217.263509903 0, 41904, 43;1, 19542, 41;2, 0, 0;3, 0, 0;
1787301219.586844291 0, 42032, 51;1, 22710, 26;2, 0, 0;3, 0, 0;
1787301221.949952787 0, 42256, 50;1, 22710, 30;2, 0, 0;3, 0, 0;
1787301224.299508403 0, 42622, 19;1, 22710, 30;2, 0, 0;3, 0, 0;
1787301226.794393785 0, 42734, 59;1, 22710, 35;2, 0, 0;3, 0, 0;
1787301229.080876501 0, 42960, 32;1, 22710, 34;2, 0, 0;3, 0, 0;
1787301231.499535466 0, 43072, 33;1, 22730, 25;2, 0, 0;3, 0, 0;
1787301234.225882409 0, 43072, 45;1, 22842, 28;2, 0, 0;3, 0, 0;
1787301237.032015319 0, 43072, 41;1, 22844, 24;2, 0, 0;3, 0, 0;
1787301239.968283733 0, 43072, 48;1, 22732, 21;2, 0, 0;3, 0, 0;
1787301242.650722181 0, 43072, 73;1, 22732, 29;2, 0, 0;3, 0, 0;
1787301245.072685825 0, 43072, 15;1, 22732, 97;2, 0, 0;3, 0, 0;
1787301249.990141983 0, 43072, 99;1, 22732, 96;2, 0, 0;3, 0, 0;
1787301252.336541245 0, 43072, 41;1, 22732, 82;2, 0, 0;3, 0, 0;
1787301254.647740594 0, 43072, 39;1, 22844, 20;2, 0, 0;3, 0, 0;
1787301256.948863678 0, 43072, 28;1, 22844, 10;2, 0, 0;3, 0, 0;
1787301259.292224529 0, 43072, 31;1, 22844, 38;2, 0, 0;3, 0, 0;
1787301261.574627075 0, 43072, 45;1, 22844, 34;2, 0, 0;3, 0, 0;
1787301263.954197258 0, 43072, 18;1, 22844, 43;2, 0, 0;3, 0, 0;
1787301266.299520895 0, 43072, 33;1, 22846, 22;2, 0, 0;3, 0, 0;
1787301269.143968684 0, 43072, 97;1, 22846, 46;2, 0, 0;3, 0, 0;
1787301271.442172621 0, 43072, 30;1, 22846, 44;2, 0, 0;3, 0, 0;
1787301273.760196086 0, 42960, 81;1, 29434, 30;2, 0, 0;3, 0, 0;
1787301276.070413134 0, 42848, 57;1, 31112, 34;2, 0, 0;3, 0, 0;
1787301278.571569231 0, 42848, 44;1, 31672, 16;2, 0, 0;3, 0, 0;
1787301280.999174247 0, 42848, 48;1, 31896, 43;2, 0, 0;3, 0, 0;
1787301283.369053734 0, 42736, 25;1, 31896, 20;2, 0, 0;3, 0, 0;
1787301285.769122376 0, 42736, 51;1, 32120, 65;2, 0, 0;3, 0, 0;
1787301288.104839779 0, 42400, 39;1, 32344, 75;2, 0, 0;3, 0, 0;
1787301290.470283454 0, 42064, 63;1, 32568, 34;2, 0, 0;3, 0, 0;
1787301292.863739059 0, 42064, 70;1, 33016, 23;2, 0, 0;3, 0, 0;
1787301295.203818706 0, 41728, 75;1, 33240, 40;2, 0, 0;3, 0, 0;
1787301297.555278828 0, 41616, 33;1, 33240, 13;2, 0, 0;3, 0, 0;
1787301300.155970146 0, 41504, 28;1, 33240, 36;2, 0, 0;3, 0, 0;
1787301302.478533094 0, 41504, 42;1, 33240, 46;2, 0, 0;3, 0, 0;
1787301304.861226742 0, 41504, 19;1, 33128, 45;2, 0, 0;3, 0, 0;
1787301307.234054868 0, 41504, 41;1, 33128, 27;2, 0, 0;3, 0, 0;
1787301309.585439633 0, 41504, 29;1, 33128, 18;2, 0, 0;3, 0, 0;
1787301312.791790003 0, 41504, 55;1, 33128, 48;2, 0, 0;3, 0, 0;
1787301315.461204929 0, 41504, 38;1, 33128, 42;2, 0, 0;3, 0, 0;
1787301317.795592870 0, 41504, 31;1, 33128, 51;2, 0, 0;3, 0, 0;
1787301320.146950858 0, 41392, 34;1, 29926, 27;2, 0, 0;3, 0, 0;
1787301322.637724470 0, 41392, 27;1, 29926, 32;2, 0, 0;3, 0, 0;
1787301325.066320788 0, 41392, 40;1, 29926, 59;2, 0, 0;3, 0, 0;
1787301327.445383035 0, 41392, 99;1, 29926, 44;2, 0, 0;3, 0, 0;
1787301329.823393325 0, 41392, 45;1, 29926, 59;2, 0, 0;3, 0, 0;
1787301332.109890101 0, 41392, 38;1, 29926, 51;2, 0, 0;3, 0, 0;
1787301334.445761277 0, 41392, 35;1, 29702, 90;2, 0, 0;3, 0, 0;
1787301336.883344466 0, 41392, 48;1, 29702, 66;2, 0, 0;3, 0, 0;
1787301339.174408028 0, 41392, 46;1, 29702, 24;2, 0, 0;3, 0, 0;
1787301341.496185921 0, 41392, 34;1, 29702, 37;2, 0, 0;3, 0, 0;
1787301343.885732691 0, 41392, 46;1, 29702, 30;2, 0, 0;3, 0, 0;
1787301346.230638168 0, 41392, 55;1, 29702, 31;2, 0, 0;3, 0, 0;
1787301348.550169566 0, 41392, 41;1, 29702, 18;2, 0, 0;3, 0, 0;
1787301350.884581735 0, 41392, 45;1, 29702, 64;2, 0, 0;3, 0, 0;
1787301353.341315211 0, 41392, 40;1, 30038, 39;2, 0, 0;3, 0, 0;
1787301355.803245896 0, 41392, 49;1, 30038, 47;2, 0, 0;3, 0, 0;
1787301358.085299656 0, 41776, 40;1, 30038, 35;2, 0, 0;3, 0, 0;
1787301360.423820668 0, 42434, 22;1, 32668, 38;2, 0, 0;3, 0, 0;
1787301362.833753227 0, 42160, 47;1, 33348, 41;2, 0, 0;3, 0, 0;
1787301365.231393353 0, 42160, 65;1, 33236, 49;2, 0, 0;3, 0, 0;
1787301367.554512672 0, 42198, 22;1, 32678, 22;2, 0, 0;3, 0, 0;
1787301370.061966712 0, 42560, 19;1, 32518, 25;2, 0, 0;3, 0, 0;
1787301372.556465736 0, 42688, 27;1, 31286, 28;2, 0, 0;3, 0, 0;
1787301374.959858737 0, 42816, 21;1, 31286, 35;2, 0, 0;3, 0, 0;
1787301377.326724387 0, 42816, 18;1, 31286, 30;2, 0, 0;3, 0, 0;
1787301379.784054644 0, 42816, 36;1, 31286, 21;2, 0, 0;3, 0, 0;
1787301382.244953498 0, 42816, 39;1, 31286, 16;2, 0, 0;3, 0, 0;
1787301384.593096479 0, 42816, 21;1, 31286, 47;2, 0, 0;3, 0, 0;
1787301386.991808409 0, 42816, 22;1, 31286, 31;2, 0, 0;3, 0, 0;
1787301389.765694229 0, 42816, 20;1, 31286, 25;2, 0, 0;3, 0, 0;
1787301392.090471077 0, 42816, 22;1, 31288, 31;2, 0, 0;3, 0, 0;
1787301394.408204412 0, 42816, 38;1, 31352, 33;2, 0, 0;3, 0, 0;
1787301396.728856010 0, 42816, 22;1, 31352, 25;2, 0, 0;3, 0, 0;
1787301399.069974262 0, 42816, 37;1, 31352, 27;2, 0, 0;3, 0, 0;
1787301401.426389759 0, 42816, 26;1, 31352, 28;2, 0, 0;3, 0, 0;
1787301403.751740833 0, 42816, 16;1, 31438, 36;2, 0, 0;3, 0, 0;
1787301406.096719085 0, 41696, 13;1, 30318, 36;2, 0, 0;3, 0, 0;
1787301408.581756247 0, 25936, 25;1, 23046, 34;2, 0, 0;3, 0, 0;
1787301410.905839614 0, 25936, 20;1, 23190, 29;2, 0, 0;3, 0, 0;
1787301413.280797103 0, 25936, 22;1, 23190, 46;2, 0, 0;3, 0, 0;
1787301415.633685346 0, 25936, 46;1, 23190, 24;2, 0, 0;3, 0, 0;
1787301418.015975221 0, 25936, 21;1, 23190, 29;2, 0, 0;3, 0, 0;
1787301420.396117999 0, 25936, 39;1, 23190, 39;2, 0, 0;3, 0, 0;
1787301422.763506233 0, 25936, 14;1, 23190, 28;2, 0, 0;3, 0, 0;
1787301425.094274244 0, 25936, 28;1, 23246, 12;2, 0, 0;3, 0, 0;
1787301427.428361199 0, 25936, 27;1, 23246, 54;2, 0, 0;3, 0, 0;
1787301429.726311964 0, 25936, 48;1, 23246, 18;2, 0, 0;3, 0, 0;
1787301432.020071709 0, 26346, 33;1, 37870, 90;2, 0, 0;3, 0, 0;
1787301434.576773073 0, 25680, 24;1, 39674, 30;2, 0, 0;3, 0, 0;
1787301437.623554301 0, 25552, 23;1, 40414, 32;2, 0, 0;3, 0, 0;
1787301440.085134964 0, 24400, 23;1, 40414, 30;2, 0, 0;3, 0, 0;
1787301442.418855450 0, 24400, 18;1, 40414, 45;2, 0, 0;3, 0, 0;
1787301444.790385710 0, 24016, 0;1, 40414, 53;2, 0, 0;3, 0, 0;
1787301447.325864429 0, 24016, 0;1, 40414, 42;2, 0, 0;3, 0, 0;
1787301449.834506967 0, 24016, 0;1, 40414, 70;2, 0, 0;3, 0, 0;
1787301452.216326056 0, 24016, 0;1, 40414, 12;2, 0, 0;3, 0, 0;
