1787334137.651753512 0, 33838, 8;1, 33904, 15;2, 0, 0;3, 0, 0;
1787334140.161403872 0, 40978, 22;1, 34340, 4;2, 0, 0;3, 0, 0;
1787334142.586702476 0, 41334, 14;1, 35440, 31;2, 0, 0;3, 0, 0;
1787334144.960368745 0, 41772, 27;1, 35097, 88;2, 0, 0;3, 0, 0;
1787334148.019346598 0, 42396, 99;1, 36925, 85;2, 0, 0;3, 0, 0;
1787334150.310045231 0, 42806, 99;1, 36925, 18;2, 0, 0;3, 0, 0;
1787334152.632573993 0, 43328, 39;1, 36925, 40;2, 0, 0;3, 0, 0;
1787334154.987199124 0, 43766, 48;1, 37037, 22;2, 0, 0;3, 0, 0;
1787334157.463409071 0, 43830, 35;1, 37149, 36;2, 0, 0;3, 0, 0;
1787334159.779767658 0, 43830, 44;1, 37597, 22;2, 0, 0;3, 0, 0;
1787334162.175362946 0, 43830, 54;1, 37821, 11;2, 0, 0;3, 0, 0;
1787334164.609229330 0, 43830, 42;1, 37821, 17;2, 0, 0;3, 0, 0;
1787334167.132264779 0, 44160, 29;1, 38381, 24;2, 0, 0;3, 0, 0;
1787334169.664459497 0, 44160, 36;1, 39645, 22;2, 0, 0;3, 0, 0;
1787334172.085696798 0, 44160, 37;1, 39981, 44;2, 0, 0;3, 0, 0;
1787334174.614426622 0, 42872, 40;1, 48029, 43;2, 0, 0;3, 0, 0;
1787334177.087101798 0, 43000, 48;1, 48141, 54;2, 0, 0;3, 0, 0;
1787334179.434837955 0, 43000, 45;1, 48253, 29;2, 0, 0;3, 0, 0;
1787334181.781804787 0, 43000, 44;1, 48365, 0;2, 0, 0;3, 0, 0;
1787334184.249539758 0, 43000, 31;1, 48477, 34;2, 0, 0;3, 0, 0;
1787334186.691667350 0, 43000, 52;1, 48589, 50;2, 0, 0;3, 0, 0;
1787334189.141186747 0, 43000, 24;1, 48589, 65;2, 0, 0;3, 0, 0;
1787334191.465082700 0, 43000, 52;1, 48589, 30;2, 0, 0;3, 0, 0;
1787334194.127087012 0, 43000, 39;1, 39779, 34;2, 0, 0;3, 0, 0;
1787334196.453002671 0, 43000, 47;1, 39779, 29;2, 0, 0;3, 0, 0;
1787334198.822383954 0, 43000, 46;1, 39779, 32;2, 0, 0;3, 0, 0;
1787334201.323796961 0, 43000, 28;1, 39779, 34;2, 0, 0;3, 0, 0;
1787334203.763083336 0, 43092, 28;1, 39779, 57;2, 0, 0;3, 0, 0;
1787334206.257218501 0, 43092, 42;1, 39779, 24;2, 0, 0;3, 0, 0;
1787334208.620393441 0, 43092, 39;1, 39779, 21;2, 0, 0;3, 0, 0;
1787334211.635239477 0, 43092, 99;1, 39779, 76;2, 0, 0;3, 0, 0;
1787334213.967236646 0, 43092, 53;1, 39779, 35;2, 0, 0;3, 0, 0;
1787334216.289418502 0, 43204, 42;1, 39779, 22;2, 0, 0;3, 0, 0;
1787334218.664426822 0, 43204, 41;1, 39779, 89;2, 0, 0;3, 0, 0;
1787334221.125131392 0, 43356, 45;1, 39779, 40;2, 0, 0;3, 0, 0;
1787334223.548820786 0, 43868, 18;1, 39779, 22;2, 0, 0;3, 0, 0;
1787334225.870997545 0, 44508, 53;1, 39779, 27;2, 0, 0;3, 0, 0;
1787334228.191583671 0, 44876, 14;1, 39779, 22;2, 0, 0;3, 0, 0;
1787334230.628850069 0, 45228, 57;1, 39779, 44;2, 0, 0;3, 0, 0;
1787334232.967329321 0, 45914, 12;1, 39779, 30;2, 0, 0;3, 0, 0;
1787334235.337275797 0, 53734, 22;1, 42853, 26;2, 0, 0;3, 0, 0;
1787334237.769199667 0, 52614, 50;1, 42853, 18;2, 0, 0;3, 0, 0;
1787334240.089385164 0, 52726, 39;1, 42069, 25;2, 0, 0;3, 0, 0;
1787334242.433809062 0, 53110, 45;1, 41845, 32;2, 0, 0;3, 0, 0;
1787334244.884005270 0, 53494, 26;1, 41285, 54;2, 0, 0;3, 0, 0;
1787334247.277851187 0, 54966, 36;1, 41173, 29;2, 0, 0;3, 0, 0;
1787334249.693889521 0, 55350, 58;1, 40837, 34;2, 0, 0;3, 0, 0;
1787334252.003726064 0, 55478, 42;1, 40199, 11;2, 0, 0;3, 0, 0;
1787334254.443907389 0, 55478, 70;1, 39829, 30;2, 0, 0;3, 0, 0;
1787334256.867404911 0, 56246, 40;1, 39493, 24;2, 0, 0;3, 0, 0;
1787334259.238654353 0, 56758, 49;1, 39381, 13;2, 0, 0;3, 0, 0;
1787334261.689606651 0, 56886, 42;1, 39269, 38;2, 0, 0;3, 0, 0;
1787334264.042857819 0, 56998, 32;1, 46151, 21;2, 0, 0;3, 0, 0;
1787334266.410670538 0, 57112, 21;1, 46363, 53;2, 0, 0;3, 0, 0;
1787334268.914510002 0, 56180, 20;1, 46587, 36;2, 0, 0;3, 0, 0;
1787334271.335570538 0, 50255, 4;1, 46587, 9;2, 0, 0;3, 0, 0;
1787334273.900746050 0, 51541, 42;1, 47757, 39;2, 0, 0;3, 0, 0;
1787334276.229140187 0, 52053, 13;1, 48733, 17;2, 0, 0;3, 0, 0;
1787334278.636062180 0, 53205, 9;1, 48385, 19;2, 0, 0;3, 0, 0;
1787334281.236546848 0, 53333, 44;1, 44417, 12;2, 0, 0;3, 0, 0;
1787334283.676385077 0, 54185, 42;1, 46653, 23;2, 0, 0;3, 0, 0;
1787334286.199028545 0, 54615, 11;1, 47347, 27;2, 0, 0;3, 0, 0;
1787334289.480610525 0, 55305, 18;1, 47883, 59;2, 0, 0;3, 0, 0;
1787334292.326701587 0, 56409, 14;1, 47995, 36;2, 0, 0;3, 0, 0;
1787334294.892710541 0, 56873, 58;1, 47995, 41;2, 0, 0;3, 0, 0;
1787334297.567161144 0, 57017, 52;1, 47883, 53;2, 0, 0;3, 0, 0;
1787334300.273849039 0, 57161, 51;1, 52815, 48;2, 0, 0;3, 0, 0;
1787334302.689120089 0, 57177, 35;1, 52705, 46;2, 0, 0;3, 0, 0;
1787334305.229873647 0, 57947, 41;1, 59839, 22;2, 0, 0;3, 0, 0;
1787334307.746293963 0, 50157, 17;1, 59727, 50;2, 0, 0;3, 0, 0;
1787334310.304519952 0, 49838, 3;1, 59503, 21;2, 0, 0;3, 0, 0;
1787334313.178112385 0, 49710, 25;1, 59109, 53;2, 0, 0;3, 0, 0;
1787334315.877260167 0, 49454, 1;1, 59187, 59;2, 0, 0;3, 0, 0;
1787334318.348418559 0, 49198, 38;1, 58285, 46;2, 0, 0;3, 0, 0;
1787334320.922809051 0, 49070, 26;1, 57007, 17;2, 0, 0;3, 0, 0;
1787334323.662625458 0, 47694, 0;1, 58811, 23;2, 0, 0;3, 0, 0;
1787334326.493214514 0, 47158, 0;1, 59661, 17;2, 0, 0;3, 0, 0;
1787334329.488665610 0, 46894, 46;1, 60573, 34;2, 0, 0;3, 0, 0;
1787334332.055436518 0, 45998, 32;1, 61469, 26;2, 0, 0;3, 0, 0;
1787334334.716961744 0, 60238, 95;1, 60727, 92;2, 0, 0;3, 0, 0;
1787334337.339328568 0, 60050, 30;1, 57481, 50;2, 0, 0;3, 0, 0;
1787334339.821995310 0, 59666, 54;1, 58215, 49;2, 0, 0;3, 0, 0;
1787334342.253827352 0, 59666, 16;1, 58215, 40;2, 0, 0;3, 0, 0;
1787334344.791159463 0, 62828, 60;1, 58215, 38;2, 0, 0;3, 0, 0;
1787334347.454571636 0, 62828, 38;1, 57767, 14;2, 0, 0;3, 0, 0;
1787334350.018793749 0, 45740, 31;1, 57767, 18;2, 0, 0;3, 0, 0;
1787334352.616890905 0, 46926, 6;1, 57767, 26;2, 0, 0;3, 0, 0;
1787334355.257073476 0, 48326, 4;1, 57767, 15;2, 0, 0;3, 0, 0;
1787334357.941255736 0, 49612, 0;1, 57767, 21;2, 0, 0;3, 0, 0;
1787334360.697675006 0, 50384, 41;1, 57767, 41;2, 0, 0;3, 0, 0;
1787334363.394017178 0, 51606, 7;1, 57767, 50;2, 0, 0;3, 0, 0;
1787334366.455244275 0, 52646, 2;1, 60547, 7;2, 0, 0;3, 0, 0;
1787334369.422499641 0, 52514, 4;1, 59989, 23;2, 0, 0;3, 0, 0;
1787334372.521916935 0, 55402, 0;1, 60131, 100;2, 0, 0;3, 0, 0;
1787334374.860796241 0, 57450, 89;1, 60131, 45;2, 0, 0;3, 0, 0;
1787334377.327227559 0, 59498, 0;1, 60131, 32;2, 0, 0;3, 0, 0;
1787334379.879354777 0, 60250, 40;1, 60131, 38;2, 0, 0;3, 0, 0;
1787334382.791727017 0, 60494, 18;1, 60219, 16;2, 0, 0;3, 0, 0;
1787334385.503638250 0, 59982, 32;1, 60215, 39;2, 0, 0;3, 0, 0;
1787334388.263475552 0, 59854, 71;1, 54699, 8;2, 0, 0;3, 0, 0;
1787334390.807360961 0, 59854, 40;1, 54469, 16;2, 0, 0;3, 0, 0;
1787334393.496153633 0, 59726, 78;1, 54323, 33;2, 0, 0;3, 0, 0;
1787334395.964366658 0, 59470, 51;1, 54323, 31;2, 0, 0;3, 0, 0;
1787334398.587185019 0, 59342, 38;1, 54055, 24;2, 0, 0;3, 0, 0;
1787334401.303751760 0, 59342, 35;1, 53955, 28;2, 0, 0;3, 0, 0;
1787334404.007476536 0, 59980, 0;1, 53955, 31;2, 0, 0;3, 0, 0;
1787334406.834592634 0, 61126, 55;1, 53955, 19;2, 0, 0;3, 0, 0;
1787334409.200533777 0, 61126, 50;1, 71137, 17;2, 0, 0;3, 0, 0;
1787334411.926289550 0, 61126, 52;1, 72947, 12;2, 0, 0;3, 0, 0;
1787334414.742949291 0, 61126, 46;1, 73615, 16;2, 0, 0;3, 0, 0;
1787334417.706462970 0, 61126, 6;1, 74299, 3;2, 0, 0;3, 0, 0;
1787334421.633653110 0, 55221, 0;1, 71020, 0;2, 0, 0;3, 0, 0;
1787334428.988156368 0, 51816, 0;1, 70379, 0;2, 0, 0;3, 0, 0;
1787334432.614318361 0, 6, 88;1, 23775, 100;2, 0, 0;3, 0, 0;
1787334434.737951938 0, 6, 0;1, 21373, 0;2, 0, 0;3, 0, 0;
1787334436.816228708 0, 6, 0;1, 21373, 0;2, 0, 0;3, 0, 0;
1787334438.901098756 0, 6, 0;1, 21373, 0;2, 0, 0;3, 0, 0;
1787334440.997024938 0, 6, 0;1, 21373, 0;2, 0, 0;3, 0, 0;
1787334443.078644432 0, 0, 0;1, 0, 0;2, 0, 0;3, 0, 0;
1787334445.159220850 0, 0, 0;1, 0, 0;2, 0, 0;3, 0, 0;
1787334447.261937833 0, 0, 0;1, 0, 0;2, 0, 0;3, 0, 0;
1787334449.365990503 0, 0, 0;1, 0, 0;2, 0, 0;3, 0, 0;
1787334451.452505144 0, 0, 0;1, 0, 0;2, 0, 0;3, 0, 0;
1787334453.538911616 0, 0, 0;1, 0, 0;2, 0, 0;3, 0, 0;
1787334455.618303810 0, 0, 0;1, 0, 0;2, 0, 0;3, 0, 0;
1787334457.696097570 0, 0, 0;1, 0, 0;2, 0, 0;3, 0, 0;
1787334459.795673497 0, 0, 0;1, 0, 0;2, 0, 0;3, 0, 0;
1787334461.876816555 0, 0, 0;1, 0, 0;2, 0, 0;3, 0, 0;
1787334463.963010235 0, 0, 0;1, 0, 0;2, 0, 0;3, 0, 0;
1787334466.080260922 0, 0, 0;1, 0, 0;2, 0, 0;3, 0, 0;
1787334468.196499502 0, 0, 0;1, 0, 0;2, 0, 0;3, 0, 0;
1787334470.317188927 0, 0, 0;1, 0, 0;2, 0, 0;3, 0, 0;
1787334472.394859382 0, 0, 0;1, 0, 0;2, 0, 0;3, 0, 0;
1787334474.494685737 0, 0, 0;1, 0, 0;2, 0, 0;3, 0, 0;
1787334476.589689817 0, 0, 0;1, 0, 0;2, 0, 0;3, 0, 0;
1787334478.665809504 0, 0, 0;1, 0, 0;2, 0, 0;3, 0, 0;
1787334480.746136755 0, 0, 0;1, 0, 0;2, 0, 0;3, 0, 0;
1787334482.828990395 0, 0, 0;1, 0, 0;2, 0, 0;3, 0, 0;
1787334484.908242042 0, 0, 0;1, 0, 0;2, 0, 0;3, 0, 0;
1787334486.971736678 0, 0, 0;1, 0, 0;2, 0, 0;3, 0, 0;
1787334489.054322354 0, 0, 0;1, 0, 0;2, 0, 0;3, 0, 0;
1787334491.132834053 0, 0, 0;1, 0, 0;2, 0, 0;3, 0, 0;
1787334493.221431714 0, 0, 0;1, 0, 0;2, 0, 0;3, 0, 0;
1787334495.338009051 0, 0, 0;1, 0, 0;2, 0, 0;3, 0, 0;
1787334497.419972423 0, 0, 0;1, 0, 0;2, 0, 0;3, 0, 0;
1787334499.492109984 0, 0, 0;1, 0, 0;2, 0, 0;3, 0, 0;
1787334501.570872692 0, 0, 0;1, 0, 0;2, 0, 0;3, 0, 0;
1787334503.649119030 0, 0, 0;1, 0, 0;2, 0, 0;3, 0, 0;
1787334505.728687064 0, 0, 0;1, 0, 0;2, 0, 0;3, 0, 0;
1787334507.806283852 0, 0, 0;1, 0, 0;2, 0, 0;3, 0, 0;
1787334509.882986716 0, 0, 0;1, 0, 0;2, 0, 0;3, 0, 0;
1787334511.963212388 0, 0, 0;1, 0, 0;2, 0, 0;3, 0, 0;
1787334514.045826506 0, 0, 0;1, 0, 0;2, 0, 0;3, 0, 0;
1787334516.127307858 0, 0, 0;1, 0, 0;2, 0, 0;3, 0, 0;
1787334518.209322119 0, 0, 0;1, 0, 0;2, 0, 0;3, 0, 0;
1787334520.287018952 0, 0, 0;1, 0, 0;2, 0, 0;3, 0, 0;
1787334522.365381287 0, 0, 0;1, 0, 0;2, 0, 0;3, 0, 0;
1787334524.453549649 0, 0, 0;1, 0, 0;2, 0, 0;3, 0, 0;
1787334526.533087483 0, 0, 0;1, 0, 0;2, 0, 0;3, 0, 0;
1787334528.630531174 0, 0, 0;1, 0, 0;2, 0, 0;3, 0, 0;
1787334530.736859114 0, 0, 0;1, 0, 0;2, 0, 0;3, 0, 0;
1787334532.815424232 0, 0, 0;1, 0, 0;2, 0, 0;3, 0, 0;
1787334534.900988752 0, 0, 0;1, 0, 0;2, 0, 0;3, 0, 0;
1787334536.978137815 0, 0, 0;1, 0, 0;2, 0, 0;3, 0, 0;
1787334539.097101894 0, 0, 0;1, 0, 0;2, 0, 0;3, 0, 0;
1787334541.197590360 0, 0, 0;1, 0, 0;2, 0, 0;3, 0, 0;
1787334543.275855928 0, 0, 0;1, 0, 0;2, 0, 0;3, 0, 0;
1787334545.366961673 0, 0, 0;1, 0, 0;2, 0, 0;3, 0, 0;
1787334547.483697728 0, 0, 0;1, 0, 0;2, 0, 0;3, 0, 0;
1787334549.574425909 0, 0, 0;1, 0, 0;2, 0, 0;3, 0, 0;
1787334551.655107440 0, 0, 0;1, 0, 0;2, 0, 0;3, 0, 0;
1787334553.732253342 0, 0, 0;1, 0, 0;2, 0, 0;3, 0, 0;
1787334555.795117164 0, 0, 0;1, 0, 0;2, 0, 0;3, 0, 0;
1787334557.915571419 0, 0, 0;1, 0, 0;2, 0, 0;3, 0, 0;
