1787303809.467190100 0, 33372, 0;1, 33386, 0;2, 0, 0;3, 0, 0;
1787303811.809454068 0, 33904, 85;1, 33926, 30;2, 0, 0;3, 0, 0;
1787303814.117327822 0, 33906, 97;1, 33946, 100;2, 0, 0;3, 0, 0;
1787303816.384074146 0, 33908, 99;1, 34204, 100;2, 0, 0;3, 0, 0;
1787303818.669123102 0, 33930, 98;1, 34340, 100;2, 0, 0;3, 0, 0;
1787303821.003754512 0, 33930, 98;1, 35084, 100;2, 0, 0;3, 0, 0;
1787303823.322147264 0, 34186, 99;1, 35308, 99;2, 0, 0;3, 0, 0;
1787303825.637150039 0, 34186, 47;1, 35420, 100;2, 0, 0;3, 0, 0;
1787303827.953815450 0, 34186, 46;1, 36096, 100;2, 0, 0;3, 0, 0;
1787303830.274769338 0, 34186, 47;1, 36096, 100;2, 0, 0;3, 0, 0;
1787303832.570011362 0, 34522, 98;1, 36096, 100;2, 0, 0;3, 0, 0;
1787303834.861324025 0, 35048, 95;1, 36098, 100;2, 0, 0;3, 0, 0;
1787303837.184727408 0, 35048, 86;1, 36210, 99;2, 0, 0;3, 0, 0;
1787303839.528971423 0, 35048, 47;1, 36210, 99;2, 0, 0;3, 0, 0;
1787303841.843799137 0, 35122, 97;1, 36306, 99;2, 0, 0;3, 0, 0;
1787303844.142167784 0, 35122, 98;1, 36306, 96;2, 0, 0;3, 0, 0;
1787303846.457700146 0, 35122, 91;1, 36306, 99;2, 0, 0;3, 0, 0;
1787303848.742506876 0, 35122, 44;1, 36330, 99;2, 0, 0;3, 0, 0;
1787303851.075618692 0, 35122, 60;1, 36554, 100;2, 0, 0;3, 0, 0;
1787303853.366636158 0, 35122, 49;1, 36554, 100;2, 0, 0;3, 0, 0;
1787303855.665685586 0, 35122, 98;1, 36554, 99;2, 0, 0;3, 0, 0;
1787303857.965932698 0, 35122, 99;1, 36554, 100;2, 0, 0;3, 0, 0;
1787303860.272826662 0, 35122, 93;1, 36762, 100;2, 0, 0;3, 0, 0;
1787303862.574286934 0, 27226, 49;1, 36762, 68;2, 0, 0;3, 0, 0;
1787303865.065089124 0, 27226, 90;1, 36762, 100;2, 0, 0;3, 0, 0;
1787303867.410492107 0, 34198, 58;1, 36746, 100;2, 0, 0;3, 0, 0;
1787303869.699093945 0, 36146, 39;1, 36426, 99;2, 0, 0;3, 0, 0;
1787303872.021893280 0, 36148, 19;1, 36426, 99;2, 0, 0;3, 0, 0;
1787303874.359776496 0, 36404, 42;1, 36426, 27;2, 0, 0;3, 0, 0;
1787303876.670771879 0, 36532, 55;1, 36426, 31;2, 0, 0;3, 0, 0;
1787303879.025143542 0, 36916, 61;1, 36426, 93;2, 0, 0;3, 0, 0;
1787303881.408583277 0, 37044, 34;1, 36426, 71;2, 0, 0;3, 0, 0;
1787303883.733385513 0, 37300, 14;1, 36426, 52;2, 0, 0;3, 0, 0;
1787303886.030517430 0, 37684, 41;1, 36426, 50;2, 0, 0;3, 0, 0;
1787303888.372283246 0, 37684, 38;1, 36426, 48;2, 0, 0;3, 0, 0;
1787303890.874407842 0, 37684, 42;1, 36426, 34;2, 0, 0;3, 0, 0;
1787303893.258528959 0, 37684, 45;1, 36426, 55;2, 0, 0;3, 0, 0;
1787303895.589801009 0, 37684, 32;1, 36426, 46;2, 0, 0;3, 0, 0;
1787303897.998105359 0, 37684, 61;1, 36426, 45;2, 0, 0;3, 0, 0;
1787303900.318728583 0, 37684, 37;1, 36426, 51;2, 0, 0;3, 0, 0;
1787303902.685875423 0, 37684, 16;1, 36426, 50;2, 0, 0;3, 0, 0;
1787303905.075269825 0, 37684, 40;1, 36626, 100;2, 0, 0;3, 0, 0;
1787303907.391912177 0, 37172, 72;1, 36626, 38;2, 0, 0;3, 0, 0;
1787303909.729184621 0, 33504, 1;1, 36626, 50;2, 0, 0;3, 0, 0;
1787303912.055194730 0, 33504, 91;1, 36626, 63;2, 0, 0;3, 0, 0;
1787303914.380977242 0, 33632, 43;1, 36626, 72;2, 0, 0;3, 0, 0;
1787303916.666098272 0, 33632, 51;1, 36626, 76;2, 0, 0;3, 0, 0;
1787303918.999004215 0, 33632, 44;1, 36626, 55;2, 0, 0;3, 0, 0;
1787303921.339824629 0, 33632, 87;1, 36626, 46;2, 0, 0;3, 0, 0;
1787303923.690233547 0, 33776, 28;1, 36626, 59;2, 0, 0;3, 0, 0;
1787303926.017614096 0, 33930, 38;1, 36626, 55;2, 0, 0;3, 0, 0;
1787303928.347937642 0, 34074, 38;1, 36628, 44;2, 0, 0;3, 0, 0;
1787303930.644148339 0, 33306, 42;1, 36740, 31;2, 0, 0;3, 0, 0;
1787303932.971186041 0, 33306, 48;1, 36292, 36;2, 0, 0;3, 0, 0;
1787303935.268326415 0, 33178, 35;1, 36404, 33;2, 0, 0;3, 0, 0;
1787303937.590910824 0, 33178, 34;1, 36404, 34;2, 0, 0;3, 0, 0;
1787303939.921571687 0, 33178, 37;1, 36404, 25;2, 0, 0;3, 0, 0;
1787303942.553766178 0, 32794, 25;1, 36404, 46;2, 0, 0;3, 0, 0;
1787303945.363124757 0, 32794, 27;1, 36404, 37;2, 0, 0;3, 0, 0;
1787303947.682883368 0, 32794, 40;1, 36404, 97;2, 0, 0;3, 0, 0;
1787303949.972237986 0, 32794, 38;1, 36404, 50;2, 0, 0;3, 0, 0;
1787303952.394658288 0, 32794, 42;1, 36628, 59;2, 0, 0;3, 0, 0;
1787303954.769701647 0, 32794, 28;1, 36628, 39;2, 0, 0;3, 0, 0;
1787303957.060556140 0, 32666, 46;1, 36628, 36;2, 0, 0;3, 0, 0;
1787303959.382248138 0, 32778, 77;1, 36628, 52;2, 0, 0;3, 0, 0;
1787303961.692045326 0, 32778, 46;1, 36628, 64;2, 0, 0;3, 0, 0;
1787303964.076582772 0, 32780, 41;1, 36628, 40;2, 0, 0;3, 0, 0;
1787303966.434323921 0, 32924, 21;1, 36628, 40;2, 0, 0;3, 0, 0;
1787303968.841441937 0, 32924, 35;1, 31938, 26;2, 0, 0;3, 0, 0;
1787303971.216453089 0, 32924, 43;1, 31938, 46;2, 0, 0;3, 0, 0;
1787303973.629007064 0, 32924, 40;1, 31938, 69;2, 0, 0;3, 0, 0;
1787303975.950611074 0, 32924, 74;1, 31938, 17;2, 0, 0;3, 0, 0;
1787303978.250626825 0, 32924, 34;1, 31938, 23;2, 0, 0;3, 0, 0;
1787303980.572158813 0, 32924, 62;1, 31938, 48;2, 0, 0;3, 0, 0;
1787303982.878847750 0, 32924, 49;1, 31938, 22;2, 0, 0;3, 0, 0;
1787303985.207857681 0, 32924, 99;1, 31938, 63;2, 0, 0;3, 0, 0;
1787303987.517626059 0, 33040, 47;1, 31938, 25;2, 0, 0;3, 0, 0;
1787303989.822539166 0, 33040, 97;1, 31938, 50;2, 0, 0;3, 0, 0;
1787303992.153929667 0, 32912, 30;1, 31938, 99;2, 0, 0;3, 0, 0;
1787303994.474166093 0, 32912, 98;1, 31938, 72;2, 0, 0;3, 0, 0;
1787303996.774317859 0, 32912, 43;1, 31938, 29;2, 0, 0;3, 0, 0;
1787303999.110976141 0, 37940, 99;1, 31938, 85;2, 0, 0;3, 0, 0;
1787304001.442834573 0, 37926, 99;1, 31938, 62;2, 0, 0;3, 0, 0;
1787304003.729761367 0, 37928, 92;1, 31826, 94;2, 0, 0;3, 0, 0;
1787304006.062579965 0, 38046, 100;1, 31266, 0;2, 0, 0;3, 0, 0;
1787304008.429303819 0, 37902, 97;1, 31266, 0;2, 0, 0;3, 0, 0;
1787304010.755812830 0, 37902, 97;1, 31266, 0;2, 0, 0;3, 0, 0;
1787304013.071163595 0, 38014, 45;1, 31266, 0;2, 0, 0;3, 0, 0;
1787304015.432039750 0, 38014, 44;1, 31266, 0;2, 0, 0;3, 0, 0;
1787304017.769376151 0, 38126, 28;1, 31266, 0;2, 0, 0;3, 0, 0;
1787304020.228466341 0, 38126, 26;1, 31266, 0;2, 0, 0;3, 0, 0;
1787304022.913171444 0, 38126, 26;1, 31266, 0;2, 0, 0;3, 0, 0;
1787304025.307421567 0, 21208, 84;1, 47166, 19;2, 0, 0;3, 0, 0;
1787304027.631648362 0, 20680, 24;1, 47626, 0;2, 0, 0;3, 0, 0;
1787304029.949036051 0, 21000, 34;1, 55740, 2;2, 0, 0;3, 0, 0;
1787304032.287239385 0, 20680, 29;1, 56648, 22;2, 0, 0;3, 0, 0;
1787304034.619765161 0, 23892, 19;1, 58062, 22;2, 0, 0;3, 0, 0;
1787304036.931813824 0, 23892, 22;1, 58302, 42;2, 0, 0;3, 0, 0;
1787304039.265529337 0, 23600, 18;1, 58302, 43;2, 0, 0;3, 0, 0;
1787304041.709852070 0, 14830, 7;1, 58302, 72;2, 0, 0;3, 0, 0;
1787304044.084976579 0, 14832, 4;1, 57886, 46;2, 0, 0;3, 0, 0;
1787304046.475161470 0, 14832, 0;1, 41902, 87;2, 0, 0;3, 0, 0;
1787304048.818531790 0, 14832, 6;1, 42798, 8;2, 0, 0;3, 0, 0;
1787304051.125593391 0, 14832, 11;1, 43696, 14;2, 0, 0;3, 0, 0;
1787304053.526297420 0, 14900, 0;1, 44208, 35;2, 0, 0;3, 0, 0;
1787304055.827855380 0, 14900, 0;1, 44208, 40;2, 0, 0;3, 0, 0;
1787304058.175436554 0, 14900, 0;1, 44464, 13;2, 0, 0;3, 0, 0;
1787304060.586488431 0, 21534, 17;1, 45370, 47;2, 0, 0;3, 0, 0;
1787304062.939146050 0, 22156, 5;1, 44976, 44;2, 0, 0;3, 0, 0;
1787304065.244474322 0, 22750, 21;1, 45104, 56;2, 0, 0;3, 0, 0;
1787304067.652023645 0, 22750, 22;1, 44492, 27;2, 0, 0;3, 0, 0;
1787304070.056891023 0, 22750, 25;1, 37776, 40;2, 0, 0;3, 0, 0;
1787304072.423063186 0, 22750, 22;1, 37776, 36;2, 0, 0;3, 0, 0;
1787304074.802484688 0, 22750, 27;1, 38032, 13;2, 0, 0;3, 0, 0;
1787304077.184009739 0, 22750, 22;1, 38672, 8;2, 0, 0;3, 0, 0;
1787304079.506380197 0, 22750, 16;1, 37936, 30;2, 0, 0;3, 0, 0;
1787304081.961534817 0, 22750, 42;1, 31198, 6;2, 0, 0;3, 0, 0;
1787304084.295990361 0, 22478, 21;1, 31198, 44;2, 0, 0;3, 0, 0;
1787304086.661384920 0, 17456, 23;1, 31198, 36;2, 0, 0;3, 0, 0;
1787304089.017338996 0, 25992, 34;1, 31198, 34;2, 0, 0;3, 0, 0;
1787304091.456249065 0, 41370, 53;1, 32056, 37;2, 0, 0;3, 0, 0;
1787304093.799386165 0, 41740, 44;1, 31198, 60;2, 0, 0;3, 0, 0;
1787304096.171568929 0, 41870, 44;1, 29684, 1;2, 0, 0;3, 0, 0;
1787304098.779129590 0, 42086, 56;1, 28888, 1;2, 0, 0;3, 0, 0;
1787304101.313028762 0, 42388, 45;1, 26762, 22;2, 0, 0;3, 0, 0;
1787304103.655404682 0, 42388, 40;1, 24670, 0;2, 0, 0;3, 0, 0;
1787304106.008228391 0, 43156, 39;1, 24670, 18;2, 0, 0;3, 0, 0;
1787304108.330353532 0, 43156, 60;1, 24670, 43;2, 0, 0;3, 0, 0;
1787304110.637605998 0, 43380, 32;1, 24670, 89;2, 0, 0;3, 0, 0;
1787304112.975291138 0, 43492, 77;1, 24670, 48;2, 0, 0;3, 0, 0;
1787304115.320012883 0, 43940, 78;1, 24158, 50;2, 0, 0;3, 0, 0;
1787304117.640598626 0, 44052, 70;1, 24158, 51;2, 0, 0;3, 0, 0;
1787304119.935474716 0, 44164, 54;1, 24158, 38;2, 0, 0;3, 0, 0;
1787304122.244571403 0, 44164, 50;1, 24158, 23;2, 0, 0;3, 0, 0;
1787304124.555037883 0, 44164, 41;1, 24158, 40;2, 0, 0;3, 0, 0;
1787304126.908759190 0, 44166, 77;1, 24158, 52;2, 0, 0;3, 0, 0;
1787304129.207293580 0, 44278, 50;1, 24158, 29;2, 0, 0;3, 0, 0;
1787304131.502256858 0, 44928, 99;1, 38782, 41;2, 0, 0;3, 0, 0;
1787304133.847215622 0, 44390, 71;1, 40800, 17;2, 0, 0;3, 0, 0;
1787304136.189155447 0, 44390, 28;1, 40772, 12;2, 0, 0;3, 0, 0;
1787304138.563899443 0, 44390, 54;1, 40772, 31;2, 0, 0;3, 0, 0;
1787304140.877719921 0, 44390, 41;1, 40996, 19;2, 0, 0;3, 0, 0;
1787304143.212718285 0, 43830, 31;1, 41108, 20;2, 0, 0;3, 0, 0;
1787304145.516884419 0, 42980, 64;1, 41332, 31;2, 0, 0;3, 0, 0;
1787304147.835827264 0, 41590, 30;1, 41556, 13;2, 0, 0;3, 0, 0;
1787304150.174191913 0, 26376, 29;1, 41556, 15;2, 0, 0;3, 0, 0;
1787304152.473158988 0, 26376, 25;1, 41556, 47;2, 0, 0;3, 0, 0;
1787304154.764828814 0, 26312, 19;1, 41668, 21;2, 0, 0;3, 0, 0;
1787304157.058048254 0, 26312, 30;1, 41668, 22;2, 0, 0;3, 0, 0;
1787304159.477073683 0, 26312, 16;1, 41668, 19;2, 0, 0;3, 0, 0;
1787304161.839703444 0, 26312, 24;1, 41668, 30;2, 0, 0;3, 0, 0;
1787304164.201246480 0, 26312, 18;1, 41668, 28;2, 0, 0;3, 0, 0;
1787304166.584279047 0, 26248, 33;1, 41668, 14;2, 0, 0;3, 0, 0;
1787304168.978489968 0, 26248, 25;1, 41668, 28;2, 0, 0;3, 0, 0;
1787304171.425317205 0, 26248, 21;1, 41668, 26;2, 0, 0;3, 0, 0;
1787304173.777158204 0, 26248, 16;1, 41668, 11;2, 0, 0;3, 0, 0;
1787304176.750846664 0, 18352, 16;1, 41668, 22;2, 0, 0;3, 0, 0;
1787304179.698742371 0, 18352, 14;1, 41668, 26;2, 0, 0;3, 0, 0;
1787304182.186855034 0, 18352, 37;1, 24038, 18;2, 0, 0;3, 0, 0;
1787304184.546581315 0, 18352, 16;1, 24032, 54;2, 0, 0;3, 0, 0;
1787304186.878115753 0, 18352, 15;1, 24032, 32;2, 0, 0;3, 0, 0;
1787304189.195425631 0, 18352, 21;1, 24032, 16;2, 0, 0;3, 0, 0;
1787304191.562427984 0, 18352, 12;1, 24032, 15;2, 0, 0;3, 0, 0;
1787304193.932171499 0, 18352, 27;1, 24032, 42;2, 0, 0;3, 0, 0;
1787304196.339357811 0, 18352, 44;1, 24032, 18;2, 0, 0;3, 0, 0;
1787304198.638718620 0, 18352, 23;1, 23920, 41;2, 0, 0;3, 0, 0;
1787304200.979751286 0, 18352, 25;1, 23920, 30;2, 0, 0;3, 0, 0;
1787304203.457957665 0, 18352, 12;1, 23920, 15;2, 0, 0;3, 0, 0;
1787304205.783214252 0, 18352, 38;1, 23920, 68;2, 0, 0;3, 0, 0;
1787304208.079908703 0, 18352, 27;1, 23920, 15;2, 0, 0;3, 0, 0;
1787304210.374729873 0, 18352, 26;1, 23920, 38;2, 0, 0;3, 0, 0;
1787304212.702870669 0, 37642, 78;1, 24694, 60;2, 0, 0;3, 0, 0;
1787304214.984807481 0, 39994, 38;1, 23920, 22;2, 0, 0;3, 0, 0;
1787304217.423224458 0, 40212, 41;1, 23920, 14;2, 0, 0;3, 0, 0;
1787304219.859375651 0, 40598, 34;1, 23472, 26;2, 0, 0;3, 0, 0;
1787304222.182937196 0, 40598, 48;1, 23472, 19;2, 0, 0;3, 0, 0;
1787304224.512246195 0, 40710, 46;1, 23248, 40;2, 0, 0;3, 0, 0;
1787304226.858854253 0, 40710, 57;1, 23248, 22;2, 0, 0;3, 0, 0;
1787304229.176352551 0, 41058, 33;1, 23248, 13;2, 0, 0;3, 0, 0;
1787304231.508510079 0, 41060, 44;1, 23248, 31;2, 0, 0;3, 0, 0;
1787304233.892830762 0, 41060, 43;1, 23248, 18;2, 0, 0;3, 0, 0;
1787304236.248854290 0, 41060, 49;1, 23136, 16;2, 0, 0;3, 0, 0;
1787304238.546138352 0, 41060, 41;1, 23024, 0;2, 0, 0;3, 0, 0;
1787304240.967662604 0, 41060, 100;1, 23024, 0;2, 0, 0;3, 0, 0;
1787304243.312963652 0, 40804, 9;1, 23024, 0;2, 0, 0;3, 0, 0;
