1787344862.307644321 0, 33468, 0;1, 33482, 0;2, 0, 0;3, 0, 0;
1787344865.046209050 0, 33948, 6;1, 33938, 0;2, 0, 0;3, 0, 0;
1787344867.456465238 0, 34052, 11;1, 33940, 7;2, 0, 0;3, 0, 0;
1787344869.851628114 0, 34052, 5;1, 33940, 31;2, 0, 0;3, 0, 0;
1787344872.261591884 0, 34054, 22;1, 33940, 23;2, 0, 0;3, 0, 0;
1787344874.625905248 0, 34054, 21;1, 33940, 0;2, 0, 0;3, 0, 0;
1787344876.975972018 0, 34054, 23;1, 33940, 9;2, 0, 0;3, 0, 0;
1787344879.503667497 0, 34054, 15;1, 33940, 9;2, 0, 0;3, 0, 0;
1787344881.808277362 0, 34054, 26;1, 33980, 13;2, 0, 0;3, 0, 0;
1787344884.135481308 0, 34054, 27;1, 33982, 12;2, 0, 0;3, 0, 0;
1787344886.607565931 0, 34086, 49;1, 34008, 15;2, 0, 0;3, 0, 0;
1787344888.987516253 0, 34086, 46;1, 34008, 12;2, 0, 0;3, 0, 0;
1787344891.444227979 0, 34086, 27;1, 34008, 0;2, 0, 0;3, 0, 0;
1787344893.859523447 0, 34086, 18;1, 34038, 11;2, 0, 0;3, 0, 0;
1787344896.688334261 0, 34086, 18;1, 34038, 7;2, 0, 0;3, 0, 0;
1787344899.859163623 0, 34158, 19;1, 34192, 27;2, 0, 0;3, 0, 0;
1787344902.332217150 0, 34222, 21;1, 34192, 14;2, 0, 0;3, 0, 0;
1787344904.777628098 0, 34222, 22;1, 34304, 10;2, 0, 0;3, 0, 0;
1787344907.157722187 0, 34222, 22;1, 34304, 13;2, 0, 0;3, 0, 0;
1787344909.565528870 0, 34222, 22;1, 34304, 13;2, 0, 0;3, 0, 0;
1787344912.119571934 0, 34224, 18;1, 34304, 10;2, 0, 0;3, 0, 0;
1787344914.488818223 0, 34224, 16;1, 34304, 14;2, 0, 0;3, 0, 0;
1787344916.784691269 0, 33086, 19;1, 32092, 12;2, 0, 0;3, 0, 0;
1787344919.221617540 0, 33150, 21;1, 32092, 13;2, 0, 0;3, 0, 0;
1787344921.629752394 0, 33150, 11;1, 32092, 13;2, 0, 0;3, 0, 0;
1787344923.962062594 0, 33152, 25;1, 32092, 7;2, 0, 0;3, 0, 0;
1787344926.275827036 0, 33152, 15;1, 32092, 13;2, 0, 0;3, 0, 0;
1787344928.728413772 0, 33152, 20;1, 32092, 7;2, 0, 0;3, 0, 0;
1787344931.151849998 0, 33152, 18;1, 32092, 13;2, 0, 0;3, 0, 0;
1787344933.596203950 0, 33152, 19;1, 32092, 6;2, 0, 0;3, 0, 0;
1787344935.985577905 0, 33152, 18;1, 32092, 16;2, 0, 0;3, 0, 0;
1787344938.430080764 0, 33152, 14;1, 32092, 0;2, 0, 0;3, 0, 0;
1787344940.780774890 0, 33152, 25;1, 32092, 13;2, 0, 0;3, 0, 0;
1787344943.188280053 0, 33152, 14;1, 32092, 28;2, 0, 0;3, 0, 0;
1787344945.496504108 0, 33152, 20;1, 32092, 13;2, 0, 0;3, 0, 0;
1787344948.019707335 0, 33152, 15;1, 32092, 26;2, 0, 0;3, 0, 0;
1787344950.424973054 0, 33152, 18;1, 32092, 12;2, 0, 0;3, 0, 0;
1787344952.737769335 0, 33152, 15;1, 32092, 10;2, 0, 0;3, 0, 0;
1787344955.182980810 0, 33152, 18;1, 32090, 13;2, 0, 0;3, 0, 0;
1787344957.558142243 0, 33152, 0;1, 47798, 16;2, 0, 0;3, 0, 0;
1787344959.907518559 0, 33152, 0;1, 65222, 36;2, 0, 0;3, 0, 0;
1787344962.251547760 0, 37906, 2;1, 65334, 34;2, 0, 0;3, 0, 0;
1787344964.584763969 0, 37942, 0;1, 65354, 69;2, 0, 0;3, 0, 0;
1787344967.006184698 0, 37942, 0;1, 65468, 44;2, 0, 0;3, 0, 0;
1787344969.490349362 0, 37942, 0;1, 65840, 52;2, 0, 0;3, 0, 0;
1787344971.904555998 0, 37942, 0;1, 65840, 36;2, 0, 0;3, 0, 0;
1787344975.004831918 0, 37942, 0;1, 65840, 45;2, 0, 0;3, 0, 0;
1787344977.930948953 0, 37942, 0;1, 65840, 46;2, 0, 0;3, 0, 0;
1787344980.516915588 0, 37942, 0;1, 65840, 57;2, 0, 0;3, 0, 0;
1787344983.139995680 0, 37942, 0;1, 65840, 24;2, 0, 0;3, 0, 0;
1787344985.587099429 0, 37942, 0;1, 65840, 50;2, 0, 0;3, 0, 0;
1787344987.912250450 0, 37942, 0;1, 65840, 40;2, 0, 0;3, 0, 0;
1787344990.388300880 0, 37942, 0;1, 65840, 41;2, 0, 0;3, 0, 0;
1787344992.744618369 0, 37942, 0;1, 65840, 41;2, 0, 0;3, 0, 0;
1787344995.313888995 0, 37942, 0;1, 65840, 45;2, 0, 0;3, 0, 0;
1787344997.841138318 0, 37942, 0;1, 65840, 31;2, 0, 0;3, 0, 0;
1787345000.303561731 0, 37856, 0;1, 65840, 53;2, 0, 0;3, 0, 0;
1787345002.797933988 0, 35392, 0;1, 65952, 44;2, 0, 0;3, 0, 0;
1787345005.276024348 0, 35392, 0;1, 65952, 37;2, 0, 0;3, 0, 0;
1787345007.720371228 0, 35392, 0;1, 65952, 66;2, 0, 0;3, 0, 0;
1787345010.152451515 0, 35392, 0;1, 65954, 48;2, 0, 0;3, 0, 0;
1787345012.487740617 0, 34140, 0;1, 65844, 63;2, 0, 0;3, 0, 0;
1787345014.983380812 0, 34140, 0;1, 66084, 7;2, 0, 0;3, 0, 0;
1787345017.444979323 0, 34140, 0;1, 66084, 37;2, 0, 0;3, 0, 0;
1787345019.880645410 0, 34140, 0;1, 66212, 51;2, 0, 0;3, 0, 0;
1787345022.387468436 0, 34140, 0;1, 66212, 29;2, 0, 0;3, 0, 0;
1787345025.036854962 0, 34140, 0;1, 66212, 39;2, 0, 0;3, 0, 0;
1787345027.411572182 0, 34140, 0;1, 66212, 46;2, 0, 0;3, 0, 0;
1787345029.827020859 0, 34140, 0;1, 66212, 60;2, 0, 0;3, 0, 0;
1787345032.239719864 0, 34140, 0;1, 66212, 43;2, 0, 0;3, 0, 0;
1787345034.814011105 0, 34140, 0;1, 66212, 34;2, 0, 0;3, 0, 0;
1787345037.220140355 0, 34140, 0;1, 66212, 39;2, 0, 0;3, 0, 0;
1787345039.575675519 0, 34140, 0;1, 66212, 32;2, 0, 0;3, 0, 0;
1787345042.146315649 0, 34140, 0;1, 66212, 44;2, 0, 0;3, 0, 0;
1787345044.530517869 0, 34140, 0;1, 66212, 46;2, 0, 0;3, 0, 0;
1787345046.955832810 0, 36722, 0;1, 66212, 30;2, 0, 0;3, 0, 0;
1787345049.853111901 0, 48610, 15;1, 66212, 47;2, 0, 0;3, 0, 0;
1787345053.118192640 0, 50170, 76;1, 66212, 91;2, 0, 0;3, 0, 0;
1787345055.427580282 0, 50208, 70;1, 66212, 89;2, 0, 0;3, 0, 0;
1787345057.769130170 0, 50208, 15;1, 66212, 19;2, 0, 0;3, 0, 0;
1787345060.212619949 0, 50256, 31;1, 66212, 26;2, 0, 0;3, 0, 0;
1787345062.769855923 0, 50256, 28;1, 66212, 26;2, 0, 0;3, 0, 0;
1787345065.185841416 0, 50256, 29;1, 66212, 11;2, 0, 0;3, 0, 0;
1787345067.612037443 0, 50344, 23;1, 66212, 23;2, 0, 0;3, 0, 0;
1787345070.046826493 0, 50344, 34;1, 66212, 0;2, 0, 0;3, 0, 0;
1787345072.468921448 0, 50344, 31;1, 66212, 0;2, 0, 0;3, 0, 0;
1787345074.913769402 0, 50344, 38;1, 66212, 0;2, 0, 0;3, 0, 0;
1787345077.317790851 0, 50346, 32;1, 66212, 17;2, 0, 0;3, 0, 0;
1787345079.763897566 0, 50346, 32;1, 66212, 0;2, 0, 0;3, 0, 0;
1787345082.167350564 0, 50398, 31;1, 66212, 0;2, 0, 0;3, 0, 0;
1787345084.696807753 0, 50398, 21;1, 66212, 0;2, 0, 0;3, 0, 0;
1787345087.067849727 0, 50398, 31;1, 66212, 22;2, 0, 0;3, 0, 0;
1787345089.477571059 0, 50398, 22;1, 66212, 12;2, 0, 0;3, 0, 0;
1787345091.848108591 0, 50510, 30;1, 66212, 23;2, 0, 0;3, 0, 0;
1787345094.276149296 0, 50510, 18;1, 64278, 31;2, 0, 0;3, 0, 0;
1787345096.760215309 0, 50510, 27;1, 64278, 25;2, 0, 0;3, 0, 0;
1787345099.227497486 0, 65284, 18;1, 64278, 56;2, 0, 0;3, 0, 0;
1787345101.687005021 0, 66310, 52;1, 64278, 35;2, 0, 0;3, 0, 0;
1787345104.155892094 0, 66310, 15;1, 64278, 23;2, 0, 0;3, 0, 0;
1787345109.866556254 0, 66310, 11;1, 64278, 12;2, 0, 0;3, 0, 0;
1787345112.562805710 0, 66478, 22;1, 64406, 22;2, 0, 0;3, 0, 0;
1787345115.110378585 0, 66478, 11;1, 64534, 18;2, 0, 0;3, 0, 0;
1787345117.555785618 0, 66478, 29;1, 64534, 23;2, 0, 0;3, 0, 0;
1787345119.915268685 0, 66478, 21;1, 64406, 22;2, 0, 0;3, 0, 0;
1787345122.384698898 0, 66478, 11;1, 64406, 12;2, 0, 0;3, 0, 0;
1787345124.852163896 0, 66480, 20;1, 64406, 23;2, 0, 0;3, 0, 0;
1787345127.368957766 0, 66480, 10;1, 64406, 12;2, 0, 0;3, 0, 0;
1787345130.804563953 0, 66540, 91;1, 64406, 86;2, 0, 0;3, 0, 0;
1787345133.149165315 0, 66540, 19;1, 64406, 18;2, 0, 0;3, 0, 0;
1787345135.484280402 0, 66540, 34;1, 64406, 29;2, 0, 0;3, 0, 0;
1787345137.822041363 0, 66542, 36;1, 64406, 17;2, 0, 0;3, 0, 0;
1787345140.293086218 0, 66542, 36;1, 64406, 23;2, 0, 0;3, 0, 0;
1787345142.750351233 0, 66646, 37;1, 64406, 6;2, 0, 0;3, 0, 0;
1787345145.231569784 0, 66646, 49;1, 62574, 24;2, 0, 0;3, 0, 0;
1787345147.745299520 0, 66646, 32;1, 62574, 12;2, 0, 0;3, 0, 0;
1787345150.268290943 0, 62054, 31;1, 62574, 24;2, 0, 0;3, 0, 0;
1787345152.781462767 0, 62060, 24;1, 62574, 6;2, 0, 0;3, 0, 0;
1787345155.152125841 0, 62060, 18;1, 62574, 18;2, 0, 0;3, 0, 0;
1787345157.579670277 0, 62060, 20;1, 62574, 18;2, 0, 0;3, 0, 0;
1787345160.110073247 0, 62060, 63;1, 55910, 12;2, 0, 0;3, 0, 0;
1787345162.453568197 0, 62060, 5;1, 56854, 20;2, 0, 0;3, 0, 0;
1787345164.815307399 0, 62060, 16;1, 60592, 2;2, 0, 0;3, 0, 0;
1787345167.169637474 0, 62060, 0;1, 61514, 26;2, 0, 0;3, 0, 0;
1787345169.551782045 0, 62060, 0;1, 61514, 28;2, 0, 0;3, 0, 0;
1787345171.964092273 0, 62060, 0;1, 61514, 29;2, 0, 0;3, 0, 0;
1787345174.498042895 0, 62060, 20;1, 61514, 15;2, 0, 0;3, 0, 0;
1787345177.046576616 0, 62060, 21;1, 61514, 26;2, 0, 0;3, 0, 0;
1787345179.486501224 0, 62060, 16;1, 61514, 18;2, 0, 0;3, 0, 0;
1787345182.018736378 0, 62060, 0;1, 61514, 23;2, 0, 0;3, 0, 0;
1787345184.424105932 0, 62060, 18;1, 61514, 24;2, 0, 0;3, 0, 0;
1787345186.892743128 0, 62060, 0;1, 61514, 25;2, 0, 0;3, 0, 0;
1787345189.326392695 0, 62060, 15;1, 61514, 43;2, 0, 0;3, 0, 0;
1787345191.703651012 0, 62060, 21;1, 61514, 31;2, 0, 0;3, 0, 0;
1787345194.210127431 0, 62060, 22;1, 61514, 36;2, 0, 0;3, 0, 0;
1787345196.685902204 0, 62060, 16;1, 61516, 37;2, 0, 0;3, 0, 0;
1787345199.294606740 0, 62060, 20;1, 61516, 47;2, 0, 0;3, 0, 0;
1787345201.754366740 0, 62060, 0;1, 61516, 39;2, 0, 0;3, 0, 0;
1787345204.186324800 0, 62028, 16;1, 61640, 34;2, 0, 0;3, 0, 0;
1787345207.558924532 0, 59052, 21;1, 61852, 49;2, 0, 0;3, 0, 0;
1787345210.473553787 0, 59052, 21;1, 61964, 11;2, 0, 0;3, 0, 0;
1787345213.007145826 0, 59052, 25;1, 61964, 17;2, 0, 0;3, 0, 0;
1787345215.392339519 0, 59052, 0;1, 61964, 34;2, 0, 0;3, 0, 0;
1787345217.824004527 0, 59052, 22;1, 61964, 63;2, 0, 0;3, 0, 0;
1787345220.258396571 0, 59052, 16;1, 61964, 29;2, 0, 0;3, 0, 0;
1787345222.673943476 0, 59052, 16;1, 61964, 51;2, 0, 0;3, 0, 0;
1787345225.105258452 0, 59052, 16;1, 61964, 47;2, 0, 0;3, 0, 0;
1787345227.491435068 0, 59052, 11;1, 61964, 65;2, 0, 0;3, 0, 0;
1787345229.893561487 0, 59052, 17;1, 61964, 54;2, 0, 0;3, 0, 0;
1787345232.365636817 0, 59052, 28;1, 61964, 33;2, 0, 0;3, 0, 0;
1787345234.783807730 0, 59052, 16;1, 61964, 47;2, 0, 0;3, 0, 0;
1787345237.193553729 0, 59052, 24;1, 61964, 44;2, 0, 0;3, 0, 0;
1787345239.607620477 0, 59052, 21;1, 61964, 42;2, 0, 0;3, 0, 0;
1787345242.072278212 0, 59052, 22;1, 61964, 52;2, 0, 0;3, 0, 0;
1787345244.537700406 0, 59052, 14;1, 61964, 20;2, 0, 0;3, 0, 0;
1787345246.815325605 0, 59052, 14;1, 61964, 51;2, 0, 0;3, 0, 0;
1787345249.181740537 0, 59052, 18;1, 61852, 30;2, 0, 0;3, 0, 0;
1787345251.548211573 0, 59052, 11;1, 61980, 48;2, 0, 0;3, 0, 0;
1787345253.967849426 0, 59052, 16;1, 61980, 38;2, 0, 0;3, 0, 0;
1787345256.408866794 0, 59052, 12;1, 61980, 48;2, 0, 0;3, 0, 0;
1787345258.717627801 0, 59052, 32;1, 61980, 42;2, 0, 0;3, 0, 0;
1787345261.105941907 0, 61998, 21;1, 61980, 42;2, 0, 0;3, 0, 0;
1787345263.593933800 0, 62216, 32;1, 61980, 29;2, 0, 0;3, 0, 0;
1787345265.996791949 0, 68784, 70;1, 62300, 61;2, 0, 0;3, 0, 0;
1787345268.402798507 0, 70390, 46;1, 61980, 23;2, 0, 0;3, 0, 0;
1787345270.754134493 0, 70392, 45;1, 61980, 20;2, 0, 0;3, 0, 0;
1787345273.069187186 0, 70392, 24;1, 61980, 11;2, 0, 0;3, 0, 0;
1787345275.501369134 0, 70392, 58;1, 61852, 0;2, 0, 0;3, 0, 0;
1787345277.930135319 0, 70394, 40;1, 61852, 0;2, 0, 0;3, 0, 0;
1787345280.418026367 0, 70528, 34;1, 61852, 0;2, 0, 0;3, 0, 0;
1787345283.358371233 0, 70528, 25;1, 61852, 0;2, 0, 0;3, 0, 0;
1787345286.491060466 0, 70528, 99;1, 61852, 0;2, 0, 0;3, 0, 0;
1787345288.843788530 0, 70528, 25;1, 61852, 0;2, 0, 0;3, 0, 0;
1787345291.178600396 0, 70528, 38;1, 61852, 0;2, 0, 0;3, 0, 0;
1787345293.525777065 0, 70528, 27;1, 61852, 0;2, 0, 0;3, 0, 0;
1787345295.898760943 0, 70528, 16;1, 61852, 0;2, 0, 0;3, 0, 0;
