1787304429.860626066 0, 33824, 33;1, 33822, 42;2, 0, 0;3, 0, 0;
1787304432.323594838 0, 33824, 0;1, 33822, 0;2, 0, 0;3, 0, 0;
1787304434.646164144 0, 33824, 0;1, 33888, 14;2, 0, 0;3, 0, 0;
1787304437.031011562 0, 33824, 0;1, 33988, 27;2, 0, 0;3, 0, 0;
1787304439.449063399 0, 33826, 23;1, 33988, 11;2, 0, 0;3, 0, 0;
1787304441.770800564 0, 33826, 17;1, 34100, 9;2, 0, 0;3, 0, 0;
1787304444.134950555 0, 33868, 62;1, 34100, 23;2, 0, 0;3, 0, 0;
1787304446.527836300 0, 33868, 91;1, 34126, 62;2, 0, 0;3, 0, 0;
1787304448.853112598 0, 33868, 23;1, 34126, 23;2, 0, 0;3, 0, 0;
1787304451.169085037 0, 33868, 16;1, 34126, 81;2, 0, 0;3, 0, 0;
1787304453.561992799 0, 33868, 60;1, 34128, 67;2, 0, 0;3, 0, 0;
1787304455.851402275 0, 33868, 0;1, 34128, 100;2, 0, 0;3, 0, 0;
1787304458.269332576 0, 33868, 0;1, 34222, 44;2, 0, 0;3, 0, 0;
1787304460.616321932 0, 33868, 0;1, 34274, 31;2, 0, 0;3, 0, 0;
1787304462.933972014 0, 33868, 0;1, 34274, 99;2, 0, 0;3, 0, 0;
1787304465.284044547 0, 33868, 0;1, 34274, 99;2, 0, 0;3, 0, 0;
1787304467.654721844 0, 33868, 0;1, 34274, 99;2, 0, 0;3, 0, 0;
1787304470.024754839 0, 33868, 0;1, 34312, 60;2, 0, 0;3, 0, 0;
1787304472.370022691 0, 33962, 32;1, 34312, 51;2, 0, 0;3, 0, 0;
1787304474.752344331 0, 34090, 53;1, 34312, 62;2, 0, 0;3, 0, 0;
1787304477.039698388 0, 34094, 37;1, 34312, 22;2, 0, 0;3, 0, 0;
1787304479.375730547 0, 34094, 23;1, 34312, 20;2, 0, 0;3, 0, 0;
1787304481.787441610 0, 34108, 37;1, 34312, 6;2, 0, 0;3, 0, 0;
1787304484.423599867 0, 34108, 51;1, 34312, 11;2, 0, 0;3, 0, 0;
1787304487.245298232 0, 34138, 43;1, 34312, 0;2, 0, 0;3, 0, 0;
1787304489.693955944 0, 34196, 47;1, 34312, 0;2, 0, 0;3, 0, 0;
1787304492.035123591 0, 34366, 49;1, 34312, 0;2, 0, 0;3, 0, 0;
1787304494.399987775 0, 34366, 41;1, 34312, 0;2, 0, 0;3, 0, 0;
1787304496.741204535 0, 34548, 40;1, 34312, 0;2, 0, 0;3, 0, 0;
1787304499.038926925 0, 34548, 44;1, 34312, 0;2, 0, 0;3, 0, 0;
1787304501.518525115 0, 34548, 46;1, 34312, 0;2, 0, 0;3, 0, 0;
1787304503.885940145 0, 34676, 36;1, 34312, 0;2, 0, 0;3, 0, 0;
1787304506.275050317 0, 34678, 50;1, 34312, 0;2, 0, 0;3, 0, 0;
1787304508.591372581 0, 34678, 52;1, 37176, 6;2, 0, 0;3, 0, 0;
1787304510.918342676 0, 34736, 33;1, 37398, 0;2, 0, 0;3, 0, 0;
1787304513.318668557 0, 34736, 41;1, 37528, 4;2, 0, 0;3, 0, 0;
1787304515.652692847 0, 31502, 44;1, 37530, 0;2, 0, 0;3, 0, 0;
1787304518.084911808 0, 31502, 27;1, 37438, 0;2, 0, 0;3, 0, 0;
1787304520.587819174 0, 31502, 50;1, 21720, 0;2, 0, 0;3, 0, 0;
1787304522.986020876 0, 31502, 21;1, 21720, 0;2, 0, 0;3, 0, 0;
1787304525.284402718 0, 31502, 46;1, 9480, 0;2, 0, 0;3, 0, 0;
1787304527.562445171 0, 31562, 44;1, 9480, 11;2, 0, 0;3, 0, 0;
1787304529.878576798 0, 31882, 49;1, 17192, 29;2, 0, 0;3, 0, 0;
1787304532.179194621 0, 31562, 43;1, 17448, 25;2, 0, 0;3, 0, 0;
1787304534.469209487 0, 31562, 39;1, 17450, 27;2, 0, 0;3, 0, 0;
1787304536.797242437 0, 30698, 16;1, 17450, 20;2, 0, 0;3, 0, 0;
1787304539.119862868 0, 23532, 23;1, 17450, 25;2, 0, 0;3, 0, 0;
1787304541.363096631 0, 23532, 10;1, 17450, 16;2, 0, 0;3, 0, 0;
1787304543.646435933 0, 23532, 18;1, 17450, 27;2, 0, 0;3, 0, 0;
1787304545.959104595 0, 23620, 83;1, 17450, 26;2, 0, 0;3, 0, 0;
1787304548.266355898 0, 23620, 61;1, 17450, 47;2, 0, 0;3, 0, 0;
1787304550.540153164 0, 24014, 23;1, 25554, 12;2, 0, 0;3, 0, 0;
1787304552.869798506 0, 23620, 50;1, 25666, 66;2, 0, 0;3, 0, 0;
1787304555.174409773 0, 24158, 81;1, 40292, 63;2, 0, 0;3, 0, 0;
1787304557.543821054 0, 23620, 33;1, 41392, 99;2, 0, 0;3, 0, 0;
1787304559.852962338 0, 23620, 0;1, 41432, 36;2, 0, 0;3, 0, 0;
1787304562.261937026 0, 23620, 0;1, 41474, 21;2, 0, 0;3, 0, 0;
1787304565.418022889 0, 23620, 0;1, 41474, 40;2, 0, 0;3, 0, 0;
1787304567.818283296 0, 23620, 0;1, 41474, 30;2, 0, 0;3, 0, 0;
1787304570.204277428 0, 23620, 0;1, 41474, 21;2, 0, 0;3, 0, 0;
1787304572.498920312 0, 23620, 0;1, 41474, 28;2, 0, 0;3, 0, 0;
1787304574.929745580 0, 23620, 24;1, 41474, 51;2, 0, 0;3, 0, 0;
1787304577.236130504 0, 23620, 18;1, 41474, 38;2, 0, 0;3, 0, 0;
1787304579.526764153 0, 38244, 69;1, 42012, 57;2, 0, 0;3, 0, 0;
1787304581.824381674 0, 39304, 24;1, 25672, 30;2, 0, 0;3, 0, 0;
1787304584.138606041 0, 39304, 0;1, 25672, 51;2, 0, 0;3, 0, 0;
1787304586.444620798 0, 39304, 0;1, 25672, 29;2, 0, 0;3, 0, 0;
1787304588.777408175 0, 39446, 35;1, 25672, 61;2, 0, 0;3, 0, 0;
1787304591.100193130 0, 39446, 0;1, 25672, 59;2, 0, 0;3, 0, 0;
1787304593.383024138 0, 39446, 0;1, 25672, 66;2, 0, 0;3, 0, 0;
1787304595.672490747 0, 39448, 64;1, 22410, 35;2, 0, 0;3, 0, 0;
1787304597.952724519 0, 39448, 36;1, 22410, 60;2, 0, 0;3, 0, 0;
1787304600.284454415 0, 39448, 92;1, 14470, 87;2, 0, 0;3, 0, 0;
1787304602.558310651 0, 39528, 99;1, 14470, 60;2, 0, 0;3, 0, 0;
1787304604.852051658 0, 39576, 98;1, 14470, 54;2, 0, 0;3, 0, 0;
1787304607.150729881 0, 39576, 99;1, 14470, 54;2, 0, 0;3, 0, 0;
1787304609.458776137 0, 39822, 99;1, 17886, 48;2, 0, 0;3, 0, 0;
1787304611.783388237 0, 39688, 99;1, 19022, 42;2, 0, 0;3, 0, 0;
1787304614.051392236 0, 39802, 83;1, 19024, 46;2, 0, 0;3, 0, 0;
1787304616.321832605 0, 39802, 100;1, 19024, 1;2, 0, 0;3, 0, 0;
1787304618.573996079 0, 39802, 99;1, 19024, 44;2, 0, 0;3, 0, 0;
1787304620.917085202 0, 39802, 24;1, 19024, 74;2, 0, 0;3, 0, 0;
1787304623.257649816 0, 39802, 29;1, 19024, 86;2, 0, 0;3, 0, 0;
1787304625.559939237 0, 40012, 35;1, 19024, 15;2, 0, 0;3, 0, 0;
1787304627.841972159 0, 40012, 34;1, 19024, 23;2, 0, 0;3, 0, 0;
1787304630.162050805 0, 40012, 31;1, 19024, 8;2, 0, 0;3, 0, 0;
1787304632.503515152 0, 40012, 38;1, 19024, 9;2, 0, 0;3, 0, 0;
1787304634.786128061 0, 40320, 52;1, 19024, 7;2, 0, 0;3, 0, 0;
1787304637.123263058 0, 40320, 46;1, 19024, 32;2, 0, 0;3, 0, 0;
1787304639.747751618 0, 40432, 56;1, 19024, 27;2, 0, 0;3, 0, 0;
1787304642.446855016 0, 40432, 34;1, 19024, 12;2, 0, 0;3, 0, 0;
1787304644.755021231 0, 40432, 56;1, 19024, 21;2, 0, 0;3, 0, 0;
1787304647.058595253 0, 40432, 44;1, 19024, 16;2, 0, 0;3, 0, 0;
1787304649.332435475 0, 40432, 38;1, 19024, 24;2, 0, 0;3, 0, 0;
1787304651.677176486 0, 40432, 52;1, 19024, 6;2, 0, 0;3, 0, 0;
1787304653.989369186 0, 40432, 22;1, 19024, 6;2, 0, 0;3, 0, 0;
1787304656.305789679 0, 40432, 44;1, 19148, 10;2, 0, 0;3, 0, 0;
1787304658.704192194 0, 40432, 49;1, 19148, 10;2, 0, 0;3, 0, 0;
1787304660.987490592 0, 40432, 36;1, 19148, 0;2, 0, 0;3, 0, 0;
1787304663.321669241 0, 40432, 34;1, 19148, 0;2, 0, 0;3, 0, 0;
1787304665.614638923 0, 40432, 43;1, 19148, 10;2, 0, 0;3, 0, 0;
1787304667.947546945 0, 40432, 37;1, 19148, 21;2, 0, 0;3, 0, 0;
1787304670.335048244 0, 40432, 26;1, 19148, 26;2, 0, 0;3, 0, 0;
1787304672.637640932 0, 40432, 38;1, 19148, 7;2, 0, 0;3, 0, 0;
1787304674.908266273 0, 40432, 43;1, 19148, 65;2, 0, 0;3, 0, 0;
1787304677.214217618 0, 40432, 42;1, 19148, 16;2, 0, 0;3, 0, 0;
1787304679.536000582 0, 40432, 52;1, 19148, 10;2, 0, 0;3, 0, 0;
1787304681.844997112 0, 40432, 39;1, 19148, 39;2, 0, 0;3, 0, 0;
1787304684.186623027 0, 40432, 44;1, 19148, 13;2, 0, 0;3, 0, 0;
1787304686.499361697 0, 40432, 80;1, 19148, 18;2, 0, 0;3, 0, 0;
1787304688.790166995 0, 40432, 41;1, 19148, 10;2, 0, 0;3, 0, 0;
1787304691.114770416 0, 40752, 74;1, 27024, 22;2, 0, 0;3, 0, 0;
1787304693.417262243 0, 40432, 23;1, 27094, 25;2, 0, 0;3, 0, 0;
1787304695.785904754 0, 40432, 64;1, 27094, 24;2, 0, 0;3, 0, 0;
1787304698.087507517 0, 40432, 39;1, 27094, 29;2, 0, 0;3, 0, 0;
1787304700.418375220 0, 40432, 23;1, 27094, 95;2, 0, 0;3, 0, 0;
1787304702.756889210 0, 40432, 23;1, 27094, 36;2, 0, 0;3, 0, 0;
1787304705.075902786 0, 40432, 21;1, 27220, 48;2, 0, 0;3, 0, 0;
1787304707.452939696 0, 40432, 11;1, 27580, 31;2, 0, 0;3, 0, 0;
1787304709.823630340 0, 40432, 43;1, 27902, 34;2, 0, 0;3, 0, 0;
1787304712.141745052 0, 40432, 20;1, 27902, 34;2, 0, 0;3, 0, 0;
1787304714.609008680 0, 40432, 0;1, 27902, 33;2, 0, 0;3, 0, 0;
1787304717.241806905 0, 40432, 43;1, 27902, 24;2, 0, 0;3, 0, 0;
1787304720.094140162 0, 40432, 12;1, 27902, 35;2, 0, 0;3, 0, 0;
1787304722.410685187 0, 40432, 22;1, 27902, 33;2, 0, 0;3, 0, 0;
1787304724.821194705 0, 40432, 23;1, 27902, 50;2, 0, 0;3, 0, 0;
1787304727.223410383 0, 40432, 37;1, 27790, 22;2, 0, 0;3, 0, 0;
1787304729.591266225 0, 40432, 89;1, 27790, 59;2, 0, 0;3, 0, 0;
1787304731.881513908 0, 40432, 74;1, 27790, 99;2, 0, 0;3, 0, 0;
1787304734.169291364 0, 40432, 52;1, 27790, 48;2, 0, 0;3, 0, 0;
1787304736.468644467 0, 40432, 73;1, 27790, 40;2, 0, 0;3, 0, 0;
1787304738.800587484 0, 40432, 79;1, 27678, 45;2, 0, 0;3, 0, 0;
1787304741.106008605 0, 40432, 43;1, 27678, 50;2, 0, 0;3, 0, 0;
1787304743.397679334 0, 40432, 42;1, 27678, 37;2, 0, 0;3, 0, 0;
1787304745.741653554 0, 40432, 16;1, 27678, 35;2, 0, 0;3, 0, 0;
1787304748.067029737 0, 40432, 23;1, 27678, 35;2, 0, 0;3, 0, 0;
1787304750.411007100 0, 40432, 29;1, 27678, 79;2, 0, 0;3, 0, 0;
1787304752.754224718 0, 40432, 65;1, 27678, 47;2, 0, 0;3, 0, 0;
1787304755.049115896 0, 40432, 65;1, 27678, 44;2, 0, 0;3, 0, 0;
1787304757.370865955 0, 40432, 38;1, 27678, 91;2, 0, 0;3, 0, 0;
1787304759.797257288 0, 40432, 79;1, 27678, 99;2, 0, 0;3, 0, 0;
1787304762.121018835 0, 40432, 0;1, 27678, 72;2, 0, 0;3, 0, 0;
1787304764.457029723 0, 40432, 79;1, 27678, 100;2, 0, 0;3, 0, 0;
1787304766.795817054 0, 40432, 89;1, 27678, 96;2, 0, 0;3, 0, 0;
1787304769.115667195 0, 40432, 27;1, 27678, 48;2, 0, 0;3, 0, 0;
1787304771.394875142 0, 40432, 58;1, 27678, 14;2, 0, 0;3, 0, 0;
1787304773.695316659 0, 40432, 0;1, 27678, 94;2, 0, 0;3, 0, 0;
1787304775.993932653 0, 40706, 42;1, 30878, 17;2, 0, 0;3, 0, 0;
1787304778.310891275 0, 40432, 47;1, 30878, 16;2, 0, 0;3, 0, 0;
1787304780.640100150 0, 40432, 38;1, 30878, 30;2, 0, 0;3, 0, 0;
1787304782.977193125 0, 40432, 57;1, 30654, 21;2, 0, 0;3, 0, 0;
1787304785.307961933 0, 40676, 14;1, 30784, 16;2, 0, 0;3, 0, 0;
1787304787.579268988 0, 40676, 20;1, 30784, 14;2, 0, 0;3, 0, 0;
1787304789.928498206 0, 40676, 23;1, 30784, 33;2, 0, 0;3, 0, 0;
1787304792.227747332 0, 40676, 12;1, 30784, 10;2, 0, 0;3, 0, 0;
1787304794.812732156 0, 40676, 25;1, 30784, 39;2, 0, 0;3, 0, 0;
1787304797.544455901 0, 40676, 18;1, 30784, 33;2, 0, 0;3, 0, 0;
1787304799.848262333 0, 40676, 23;1, 30784, 23;2, 0, 0;3, 0, 0;
1787304802.171368091 0, 40676, 18;1, 30786, 22;2, 0, 0;3, 0, 0;
1787304804.474056666 0, 40676, 18;1, 30786, 12;2, 0, 0;3, 0, 0;
1787304806.897928640 0, 40676, 37;1, 30786, 12;2, 0, 0;3, 0, 0;
1787304809.260705418 0, 40676, 18;1, 30786, 8;2, 0, 0;3, 0, 0;
1787304811.561451672 0, 23968, 78;1, 30786, 5;2, 0, 0;3, 0, 0;
1787304813.896438123 0, 23968, 20;1, 30786, 0;2, 0, 0;3, 0, 0;
1787304816.229317609 0, 23968, 14;1, 30786, 21;2, 0, 0;3, 0, 0;
1787304818.585855184 0, 23840, 34;1, 30786, 28;2, 0, 0;3, 0, 0;
1787304820.891932381 0, 23840, 27;1, 30786, 27;2, 0, 0;3, 0, 0;
1787304823.246991526 0, 23840, 12;1, 30788, 25;2, 0, 0;3, 0, 0;
1787304825.563848066 0, 23840, 18;1, 30348, 33;2, 0, 0;3, 0, 0;
1787304827.880436924 0, 23840, 44;1, 22680, 82;2, 0, 0;3, 0, 0;
1787304830.185275186 0, 23840, 25;1, 22680, 24;2, 0, 0;3, 0, 0;
1787304832.492651227 0, 23840, 14;1, 22680, 18;2, 0, 0;3, 0, 0;
1787304834.827638956 0, 23840, 26;1, 22680, 21;2, 0, 0;3, 0, 0;
1787304837.179549663 0, 23840, 18;1, 22680, 24;2, 0, 0;3, 0, 0;
1787304839.493049672 0, 23840, 8;1, 22680, 31;2, 0, 0;3, 0, 0;
1787304841.785958078 0, 23840, 22;1, 22680, 33;2, 0, 0;3, 0, 0;
1787304844.126555203 0, 23840, 25;1, 22680, 24;2, 0, 0;3, 0, 0;
1787304846.425972500 0, 23840, 21;1, 22680, 18;2, 0, 0;3, 0, 0;
1787304848.752300049 0, 23840, 17;1, 22680, 39;2, 0, 0;3, 0, 0;
1787304851.104252261 0, 38464, 0;1, 23200, 35;2, 0, 0;3, 0, 0;
1787304853.389124211 0, 39836, 27;1, 22680, 28;2, 0, 0;3, 0, 0;
1787304855.734488165 0, 39948, 15;1, 22680, 15;2, 0, 0;3, 0, 0;
1787304858.055207716 0, 39948, 16;1, 22680, 29;2, 0, 0;3, 0, 0;
1787304860.334918239 0, 39948, 16;1, 22680, 11;2, 0, 0;3, 0, 0;
