1787254448.771460818 0, 42437, 0;1, 29847, 0;2, 21961, 0;3, 10721, 0;
1787254453.161276244 0, 43021, 92;1, 30229, 8;2, 22135, 0;3, 10721, 0;
1787254456.199053812 0, 44097, 13;1, 30505, 10;2, 22861, 0;3, 10721, 0;
1787254459.992523776 0, 44195, 0;1, 30505, 5;2, 23045, 0;3, 10721, 0;
1787254463.637811849 0, 44733, 93;1, 30597, 82;2, 23605, 93;3, 10721, 0;
1787254466.478179654 0, 44733, 14;1, 30597, 17;2, 23605, 14;3, 10721, 0;
1787254469.700212333 0, 44733, 10;1, 30597, 11;2, 23605, 48;3, 10721, 0;
1787254472.769921216 0, 45123, 2;1, 30597, 17;2, 23803, 22;3, 10721, 0;
1787254476.520068688 0, 45369, 92;1, 30597, 68;2, 24049, 89;3, 10721, 0;
1787254479.313598037 0, 45991, 94;1, 30597, 57;2, 24119, 88;3, 10721, 0;
1787254482.043384810 0, 46061, 98;1, 30597, 67;2, 24301, 77;3, 10721, 0;
1787254484.805957645 0, 46209, 97;1, 30597, 71;2, 24449, 95;3, 10721, 0;
1787254487.514072207 0, 46601, 10;1, 30597, 72;2, 25105, 76;3, 10721, 0;
1787254490.302246332 0, 47145, 96;1, 30791, 76;2, 25441, 94;3, 10721, 0;
1787254493.086284858 0, 47395, 100;1, 30795, 96;2, 25441, 75;3, 10721, 0;
1787254495.851615391 0, 49061, 93;1, 30795, 97;2, 25441, 94;3, 10721, 0;
1787254498.660199447 0, 49461, 63;1, 30795, 91;2, 25441, 45;3, 10721, 0;
1787254501.425476616 0, 49873, 100;1, 30859, 74;2, 25441, 31;3, 10721, 0;
1787254504.248208182 0, 50037, 68;1, 30859, 62;2, 25441, 92;3, 10721, 0;
1787254506.969268342 0, 50805, 99;1, 30859, 97;2, 25441, 73;3, 10721, 0;
1787254509.742329853 0, 51399, 100;1, 30859, 93;2, 25441, 50;3, 10721, 0;
1787254512.500981548 0, 52039, 99;1, 30859, 75;2, 25441, 35;3, 10721, 0;
1787254515.283063473 0, 52551, 100;1, 30859, 96;2, 25441, 22;3, 10721, 0;
1787254518.096525649 0, 53191, 35;1, 30859, 79;2, 25441, 94;3, 10721, 0;
1787254520.696599702 0, 53575, 70;1, 30859, 58;2, 25441, 93;3, 10721, 0;
1787254523.477584353 0, 54023, 100;1, 30923, 93;2, 25441, 83;3, 10721, 0;
1787254526.224533187 0, 54407, 100;1, 30923, 74;2, 25441, 44;3, 10721, 0;
1787254528.973718879 0, 54793, 45;1, 30923, 75;2, 25441, 88;3, 10721, 0;
1787254531.719241037 0, 55433, 0;1, 30923, 4;2, 25441, 43;3, 10721, 0;
1787254534.575505444 0, 56217, 99;1, 30923, 41;2, 25441, 91;3, 10721, 0;
1787254537.351482663 0, 57429, 100;1, 30923, 36;2, 25441, 82;3, 10721, 0;
1787254540.132179411 0, 58133, 100;1, 30987, 77;2, 25441, 65;3, 10721, 0;
1787254542.872704829 0, 58467, 20;1, 30203, 7;2, 25441, 9;3, 10721, 0;
1787254546.257378301 0, 58853, 0;1, 14327, 31;2, 25329, 40;3, 10721, 0;
1787254549.945010708 0, 59159, 51;1, 14387, 6;2, 25329, 29;3, 10721, 0;
1787254553.326106733 0, 59669, 0;1, 14387, 17;2, 25329, 16;3, 10721, 0;
1787254556.345054817 0, 61237, 34;1, 14387, 62;2, 25329, 94;3, 10721, 0;
1787254559.124576579 0, 62133, 46;1, 14387, 52;2, 25415, 89;3, 10721, 0;
1787254561.953658672 0, 62981, 100;1, 14387, 73;2, 25415, 87;3, 10721, 0;
1787254564.816881180 0, 63355, 100;1, 14387, 75;2, 25415, 35;3, 10721, 0;
1787254567.645308882 0, 63669, 100;1, 14387, 76;2, 25415, 49;3, 10721, 0;
1787254570.493822077 0, 64023, 100;1, 14387, 37;2, 26135, 85;3, 10721, 0;
1787254573.126723630 0, 64335, 68;1, 14669, 77;2, 27235, 97;3, 25345, 69;
1787254575.917767410 0, 64223, 49;1, 14669, 74;2, 28627, 43;3, 27061, 1;
1787254578.662838327 0, 63941, 75;1, 14387, 64;2, 29129, 78;3, 27363, 12;
1787254581.451001628 0, 63941, 100;1, 14387, 64;2, 29825, 4;3, 27363, 57;
1787254584.227981799 0, 64113, 92;1, 14559, 77;2, 30737, 60;3, 34063, 80;
1787254586.956934449 0, 63685, 99;1, 14387, 76;2, 31147, 64;3, 35827, 12;
1787254589.689356457 0, 63429, 99;1, 14387, 51;2, 32183, 90;3, 36103, 52;
1787254592.536577084 0, 63173, 0;1, 14387, 70;2, 32827, 45;3, 36103, 50;
1787254595.365182077 0, 63045, 99;1, 14387, 48;2, 32939, 31;3, 36105, 6;
1787254598.157735964 0, 62935, 99;1, 14387, 35;2, 32939, 11;3, 36105, 57;
1787254600.904116756 0, 61393, 21;1, 14387, 0;2, 32939, 69;3, 36105, 6;
1787254603.722410392 0, 52265, 28;1, 14387, 0;2, 31837, 64;3, 36105, 40;
1787254606.538020243 0, 47771, 61;1, 14387, 0;2, 27527, 64;3, 36105, 39;
1787254609.306819545 0, 47771, 88;1, 14387, 0;2, 27527, 86;3, 36105, 31;
1787254612.097653766 0, 47387, 76;1, 14387, 0;2, 27527, 75;3, 36105, 87;
1787254614.701950051 0, 47259, 82;1, 14387, 0;2, 27863, 26;3, 36105, 56;
1787254617.462743527 0, 46875, 85;1, 14387, 0;2, 28423, 71;3, 36105, 59;
1787254620.223795743 0, 46107, 83;1, 13747, 0;2, 28983, 35;3, 35385, 6;
1787254623.533426704 0, 43531, 0;1, 11887, 6;2, 29697, 21;3, 27807, 6;
1787254627.277897589 0, 43389, 0;1, 13071, 0;2, 31905, 23;3, 27977, 32;
1787254630.724755649 0, 43275, 0;1, 13379, 0;2, 32209, 27;3, 28089, 0;
1787254634.179688897 0, 43133, 62;1, 14809, 1;2, 32619, 41;3, 28893, 71;
1787254636.979849822 0, 43005, 28;1, 15203, 0;2, 33001, 41;3, 29117, 64;
1787254639.776437784 0, 42493, 82;1, 15513, 83;2, 32987, 26;3, 29229, 53;
1787254642.564003116 0, 42239, 80;1, 15515, 71;2, 32877, 94;3, 29229, 61;
1787254645.283686945 0, 41937, 92;1, 15515, 58;2, 32653, 61;3, 29229, 25;
1787254648.080224492 0, 41727, 36;1, 15515, 64;2, 32653, 51;3, 29229, 8;
1787254650.910354158 0, 41517, 86;1, 15515, 90;2, 32653, 51;3, 29453, 0;
1787254653.688927975 0, 41471, 93;1, 15515, 85;2, 31757, 45;3, 29565, 8;
1787254656.462923379 0, 41471, 87;1, 18355, 60;2, 31421, 25;3, 32517, 44;
1787254659.251389148 0, 40499, 59;1, 19021, 68;2, 31047, 80;3, 33185, 49;
1787254662.039372350 0, 38271, 24;1, 19025, 70;2, 30973, 91;3, 33665, 54;
1787254664.805291470 0, 36991, 18;1, 19025, 95;2, 29853, 70;3, 34411, 96;
1787254667.595183895 0, 36991, 70;1, 19025, 29;2, 29629, 58;3, 34635, 90;
1787254670.384776667 0, 36991, 87;1, 19025, 38;2, 29517, 43;3, 34747, 78;
1787254673.123931337 0, 36991, 59;1, 19025, 70;2, 28621, 15;3, 34747, 51;
1787254675.986814673 0, 36991, 56;1, 19053, 93;2, 28649, 72;3, 34859, 76;
1787254678.795027800 0, 36991, 63;1, 19115, 88;2, 28711, 91;3, 34971, 14;
1787254681.625694382 0, 36991, 64;1, 19115, 90;2, 28711, 87;3, 35195, 24;
1787254684.401913898 0, 36991, 7;1, 19149, 47;2, 28477, 10;3, 35361, 2;
1787254688.694145341 0, 36991, 14;1, 19261, 17;2, 28395, 12;3, 35531, 34;
1787254695.103856934 0, 36991, 73;1, 19351, 78;2, 26465, 76;3, 35979, 56;
1787254697.860473772 0, 36991, 14;1, 19351, 12;2, 26371, 23;3, 36791, 14;
1787254701.503017676 0, 36863, 18;1, 19351, 55;2, 26371, 31;3, 37305, 76;
1787254704.423015440 0, 36747, 0;1, 19351, 21;2, 26371, 16;3, 37417, 4;
1787254707.845219566 0, 36547, 0;1, 19351, 25;2, 26371, 0;3, 37597, 0;
1787254711.295605813 0, 36223, 83;1, 19351, 83;2, 26371, 83;3, 37641, 24;
1787254714.018993233 0, 34091, 26;1, 19523, 81;2, 32959, 72;3, 37813, 70;
1787254716.876021882 0, 33919, 56;1, 19351, 71;2, 34979, 81;3, 37641, 74;
1787254719.622546499 0, 33791, 24;1, 19351, 85;2, 35393, 70;3, 37641, 42;
1787254722.396232741 0, 33791, 0;1, 19351, 72;2, 35397, 29;3, 37641, 26;
1787254725.171780067 0, 33279, 27;1, 19351, 62;2, 35733, 97;3, 37641, 19;
1787254727.980478930 0, 33279, 57;1, 19351, 67;2, 36293, 95;3, 37641, 16;
1787254730.817282935 0, 36055, 57;1, 21743, 63;2, 36629, 98;3, 37257, 26;
1787254733.580762452 0, 36001, 61;1, 19283, 72;2, 37077, 98;3, 34797, 79;
1787254736.175562583 0, 35927, 38;1, 19283, 78;2, 37221, 82;3, 34797, 73;
1787254738.969892234 0, 35881, 0;1, 19283, 0;2, 37221, 5;3, 34761, 0;
1787254743.231926576 0, 35799, 9;1, 19283, 32;2, 37449, 89;3, 34461, 13;
1787254746.071551068 0, 35799, 58;1, 19283, 63;2, 37893, 96;3, 33983, 1;
1787254748.826883625 0, 35799, 68;1, 19283, 38;2, 38005, 72;3, 32671, 0;
1787254751.614215309 0, 35671, 78;1, 19283, 72;2, 38453, 55;3, 32333, 55;
1787254754.405503666 0, 35351, 88;1, 18963, 84;2, 38565, 52;3, 31989, 26;
1787254757.195445810 0, 32895, 84;1, 16507, 73;2, 38789, 99;3, 30765, 38;
1787254759.973450868 0, 33047, 27;1, 23095, 56;2, 39073, 99;3, 30937, 40;
1787254762.740379460 0, 32895, 29;1, 25003, 45;2, 39349, 49;3, 30765, 61;
1787254765.482506874 0, 32895, 79;1, 25127, 94;2, 39461, 99;3, 30429, 32;
1787254768.236551080 0, 32895, 84;1, 25129, 93;2, 39461, 93;3, 30429, 24;
1787254771.005240312 0, 32895, 79;1, 25129, 76;2, 39461, 93;3, 30429, 23;
1787254773.794142358 0, 32895, 75;1, 25131, 68;2, 40021, 81;3, 30429, 68;
1787254776.358972459 0, 32895, 14;1, 25195, 37;2, 40357, 11;3, 30317, 11;
1787254779.690299987 0, 32895, 0;1, 25195, 38;2, 40469, 20;3, 30317, 6;
1787254782.921632556 0, 32895, 5;1, 25431, 13;2, 40805, 13;3, 30317, 6;
1787254786.312737790 0, 32895, 0;1, 25431, 14;2, 41141, 12;3, 30197, 0;
1787254789.512950455 0, 32895, 62;1, 25431, 85;2, 41701, 90;3, 30093, 66;
1787254792.296385484 0, 32895, 74;1, 25431, 93;2, 42371, 99;3, 30093, 66;
1787254795.046057219 0, 32901, 8;1, 25431, 12;2, 41133, 14;3, 30395, 16;
1787254799.293305679 0, 36247, 0;1, 25431, 0;2, 33547, 0;3, 32935, 6;
1787254802.096510184 0, 37441, 36;1, 25575, 83;2, 33547, 44;3, 33487, 48;
1787254804.896232958 0, 37957, 88;1, 25575, 95;2, 33547, 97;3, 33491, 70;
1787254807.667323273 0, 38469, 52;1, 25575, 94;2, 33435, 97;3, 33491, 18;
1787254810.479260790 0, 38725, 0;1, 25575, 92;2, 33211, 95;3, 33491, 48;
1787254813.245450860 0, 39237, 40;1, 25575, 90;2, 33211, 85;3, 33491, 57;
1787254816.061605541 0, 39237, 8;1, 25575, 88;2, 32987, 81;3, 33379, 28;
1787254818.847973852 0, 39237, 78;1, 25575, 83;2, 32987, 73;3, 33267, 51;
1787254821.641431214 0, 39301, 60;1, 25575, 66;2, 32933, 60;3, 33331, 8;
1787254824.434833544 0, 39557, 52;1, 25575, 66;2, 32539, 59;3, 33331, 24;
1787254827.224089037 0, 39813, 64;1, 25575, 63;2, 32203, 47;3, 33331, 5;
1787254830.073867242 0, 40069, 76;1, 25813, 70;2, 32091, 58;3, 33331, 65;
1787254832.930080613 0, 40453, 38;1, 25813, 85;2, 31755, 83;3, 33331, 3;
1787254835.807823308 0, 40709, 57;1, 25813, 88;2, 31307, 22;3, 33331, 27;
1787254838.710118505 0, 41157, 73;1, 25813, 66;2, 31083, 51;3, 33395, 60;
1787254841.510354956 0, 41383, 4;1, 25813, 58;2, 30971, 52;3, 32615, 36;
1787254844.329143327 0, 41925, 89;1, 25957, 56;2, 28833, 79;3, 32275, 44;
1787254847.103266419 0, 42565, 65;1, 25957, 49;2, 25997, 34;3, 14807, 41;
1787254849.947206395 0, 43207, 49;1, 25957, 55;2, 25147, 64;3, 14807, 38;
1787254852.755336660 0, 43847, 15;1, 25957, 26;2, 25147, 13;3, 14807, 0;
1787254855.901422990 0, 44169, 16;1, 25957, 31;2, 24957, 14;3, 14807, 1;
1787254859.369638489 0, 44359, 49;1, 25957, 33;2, 24607, 32;3, 14807, 8;
1787254862.482184906 0, 44739, 0;1, 26067, 0;2, 24301, 12;3, 14807, 19;
1787254865.763399041 0, 46433, 85;1, 26349, 87;2, 24309, 52;3, 29433, 77;
1787254868.564555049 0, 46151, 94;1, 26211, 94;2, 15981, 54;3, 31261, 23;
1787254871.405328378 0, 46151, 30;1, 26211, 82;2, 16997, 31;3, 33387, 100;
1787254874.243750245 0, 46151, 99;1, 26211, 96;2, 18757, 19;3, 35305, 96;
1787254876.961105013 0, 46151, 93;1, 26211, 71;2, 18757, 72;3, 35305, 93;
1787254879.679337837 0, 46151, 98;1, 26211, 94;2, 18757, 84;3, 35305, 65;
1787254882.409502394 0, 46151, 97;1, 26211, 92;2, 18757, 76;3, 35305, 98;
1787254885.196616293 0, 46023, 99;1, 26211, 72;2, 18757, 71;3, 35305, 52;
1787254887.926299583 0, 45895, 65;1, 26211, 46;2, 18757, 31;3, 35305, 10;
1787254890.790988651 0, 45895, 49;1, 26211, 34;2, 18757, 46;3, 35305, 91;
1787254893.570516630 0, 45555, 98;1, 26211, 96;2, 18757, 29;3, 34965, 12;
1787254896.419341198 0, 42789, 61;1, 26211, 54;2, 18757, 38;3, 32585, 16;
1787254899.267807592 0, 42533, 68;1, 26067, 26;2, 18757, 32;3, 32585, 6;
1787254902.025230236 0, 42277, 66;1, 26067, 0;2, 18757, 0;3, 32585, 33;
1787254904.798123024 0, 42277, 38;1, 26067, 0;2, 18757, 0;3, 32577, 25;
1787254907.353797960 0, 42021, 46;1, 26067, 0;2, 18757, 0;3, 32473, 0;
1787254910.146486707 0, 42021, 38;1, 26067, 0;2, 18757, 0;3, 32473, 0;
1787254912.923904820 0, 42021, 74;1, 26067, 0;2, 18757, 0;3, 32473, 0;
1787254915.730845618 0, 40997, 44;1, 26067, 0;2, 18757, 0;3, 32473, 0;
1787254918.547628500 0, 40485, 35;1, 26067, 0;2, 18757, 0;3, 32473, 0;
1787254921.368753268 0, 38605, 41;1, 26067, 0;2, 18757, 0;3, 32473, 0;
1787254924.157780497 0, 37891, 4;1, 25115, 9;2, 17965, 5;3, 31665, 0;
1787254927.044316209 0, 37335, 1;1, 24105, 10;2, 15083, 4;3, 28633, 1;
1787254929.931034022 0, 36771, 29;1, 20515, 0;2, 11867, 0;3, 12095, 12;
1787254933.099295678 0, 36447, 1;1, 12403, 62;2, 11867, 0;3, 12095, 0;
1787254936.325198772 0, 36075, 0;1, 12403, 0;2, 11867, 0;3, 12095, 0;
1787254939.643888867 0, 35727, 0;1, 12403, 0;2, 11867, 0;3, 12095, 0;
1787254943.096547489 0, 33677, 18;1, 12403, 0;2, 11867, 0;3, 12095, 0;
