1787244228.987803329 0, 39081, 0;1, 32255, 0;2, 21381, 0;3, 10721, 0;
1787244232.275069196 0, 39883, 6;1, 32387, 5;2, 22001, 2;3, 10721, 0;
1787244236.181351683 0, 39883, 82;1, 32575, 87;2, 22041, 52;3, 10721, 0;
1787244238.863223526 0, 40011, 83;1, 32777, 98;2, 22155, 36;3, 10721, 0;
1787244241.522717644 0, 40011, 89;1, 32867, 99;2, 22303, 15;3, 10721, 0;
1787244244.219730476 0, 40011, 6;1, 33099, 10;2, 22329, 7;3, 10721, 0;
1787244248.037278874 0, 40011, 26;1, 33099, 26;2, 22329, 8;3, 10721, 0;
1787244251.762851032 0, 40363, 0;1, 33381, 0;2, 22441, 11;3, 10721, 0;
1787244255.216555791 0, 40363, 14;1, 33605, 27;2, 22441, 12;3, 10721, 0;
1787244258.782856539 0, 40915, 75;1, 34125, 98;2, 22441, 22;3, 10721, 0;
1787244261.573064203 0, 40915, 91;1, 34125, 98;2, 22553, 52;3, 10721, 0;
1787244264.272101434 0, 40915, 92;1, 34125, 99;2, 22553, 19;3, 10721, 0;
1787244266.971322055 0, 41043, 7;1, 34143, 0;2, 22643, 5;3, 10721, 0;
1787244271.050286406 0, 41073, 47;1, 34317, 97;2, 22649, 95;3, 10721, 0;
1787244273.733751821 0, 41425, 34;1, 34317, 3;2, 22649, 3;3, 10721, 0;
1787244277.058910930 0, 42821, 30;1, 34317, 29;2, 22649, 2;3, 10721, 0;
1787244280.651331430 0, 43257, 98;1, 34317, 99;2, 22713, 94;3, 10721, 0;
1787244283.340082142 0, 43513, 99;1, 34317, 99;2, 22713, 95;3, 10721, 0;
1787244286.058959762 0, 43769, 100;1, 34317, 98;2, 22713, 71;3, 10721, 0;
1787244288.775934777 0, 44433, 12;1, 34317, 10;2, 22713, 3;3, 10721, 0;
1787244292.382463976 0, 45185, 27;1, 34317, 17;2, 22713, 0;3, 10721, 0;
1787244295.756497935 0, 46377, 100;1, 34317, 43;2, 22713, 85;3, 10721, 0;
1787244298.467359114 0, 47017, 100;1, 34205, 45;2, 22713, 42;3, 10721, 0;
1787244301.181634367 0, 47337, 100;1, 34165, 44;2, 22777, 96;3, 10721, 0;
1787244303.882608062 0, 47769, 20;1, 33645, 0;2, 22777, 4;3, 10721, 0;
1787244307.843816014 0, 48901, 14;1, 33645, 0;2, 22777, 92;3, 10721, 0;
1787244310.470379537 0, 49281, 99;1, 33645, 47;2, 22777, 27;3, 10721, 0;
1787244313.205338471 0, 49553, 65;1, 33645, 38;2, 22777, 96;3, 10721, 0;
1787244315.843850737 0, 49553, 100;1, 33645, 52;2, 22777, 84;3, 10721, 0;
1787244318.518886441 0, 49625, 100;1, 32861, 42;2, 22777, 94;3, 10721, 0;
1787244321.123513281 0, 49625, 99;1, 16981, 0;2, 22777, 72;3, 10721, 0;
1787244323.776751573 0, 49797, 64;1, 23569, 28;2, 22949, 56;3, 10893, 43;
1787244326.948397462 0, 49925, 22;1, 23821, 10;2, 22949, 7;3, 10893, 0;
1787244330.311498363 0, 49999, 0;1, 24071, 15;2, 22789, 3;3, 10721, 0;
1787244333.811818486 0, 50289, 27;1, 25333, 0;2, 22841, 0;3, 10721, 0;
1787244336.991747081 0, 50539, 26;1, 25735, 35;2, 22927, 47;3, 10721, 0;
1787244339.888170968 0, 50767, 28;1, 26041, 6;2, 22927, 13;3, 10721, 0;
1787244344.141245534 0, 52527, 47;1, 26043, 45;2, 22927, 74;3, 10721, 0;
1787244346.806730267 0, 53039, 45;1, 26043, 45;2, 23151, 75;3, 10721, 0;
1787244349.328355691 0, 53755, 60;1, 26325, 24;2, 24031, 3;3, 25367, 0;
1787244353.211616683 0, 53517, 22;1, 26043, 4;2, 24495, 10;3, 27279, 5;
1787244357.152248071 0, 49379, 12;1, 26043, 9;2, 25167, 0;3, 27279, 22;
1787244360.326243513 0, 44023, 98;1, 26043, 63;2, 26089, 96;3, 27279, 85;
1787244362.922426816 0, 43639, 97;1, 26043, 55;2, 27249, 100;3, 27279, 81;
1787244365.593345210 0, 43511, 97;1, 26043, 0;2, 27809, 68;3, 27391, 10;
1787244368.334452407 0, 43511, 99;1, 26043, 0;2, 28707, 83;3, 27667, 65;
1787244370.970947007 0, 43511, 94;1, 26043, 0;2, 29563, 68;3, 27667, 89;
1787244373.733959688 0, 43383, 93;1, 26043, 0;2, 29565, 84;3, 27667, 57;
1787244376.453253719 0, 43383, 95;1, 26043, 0;2, 29565, 84;3, 27669, 28;
1787244379.198489036 0, 43255, 94;1, 26043, 0;2, 29565, 83;3, 27669, 69;
1787244381.950384992 0, 42999, 96;1, 24923, 0;2, 29565, 69;3, 27669, 43;
1787244384.670294661 0, 42871, 95;1, 19799, 0;2, 29677, 81;3, 27669, 11;
1787244387.384888599 0, 42407, 0;1, 22575, 0;2, 28509, 0;3, 27669, 5;
1787244391.614616007 0, 42099, 93;1, 22575, 0;2, 27313, 56;3, 27669, 53;
1787244394.319969517 0, 40819, 50;1, 22575, 0;2, 27649, 85;3, 27669, 11;
1787244397.076644445 0, 39859, 55;1, 18697, 1;2, 27649, 0;3, 27669, 6;
1787244400.572979974 0, 37273, 7;1, 11651, 0;2, 27649, 3;3, 27669, 6;
1787244404.158192868 0, 37281, 50;1, 14349, 50;2, 27783, 37;3, 27805, 41;
1787244407.696874203 0, 36921, 1;1, 14637, 0;2, 27649, 28;3, 27783, 14;
1787244411.250202495 0, 36781, 0;1, 14811, 0;2, 27649, 0;3, 27895, 0;
1787244414.434584647 0, 36121, 86;1, 16365, 46;2, 27649, 79;3, 29005, 88;
1787244417.110894115 0, 36121, 92;1, 16367, 39;2, 27089, 66;3, 29005, 26;
1787244419.815900270 0, 35993, 82;1, 16367, 53;2, 26977, 61;3, 29005, 75;
1787244422.581744622 0, 34841, 92;1, 16367, 48;2, 26865, 62;3, 29117, 55;
1787244425.284537109 0, 34841, 93;1, 16367, 25;2, 26193, 51;3, 29229, 80;
1787244428.291435762 0, 33433, 14;1, 16367, 2;2, 25269, 0;3, 29341, 19;
1787244432.219028356 0, 32963, 91;1, 19143, 47;2, 25923, 35;3, 29677, 43;
1787244434.840903063 0, 32537, 94;1, 19207, 41;2, 25001, 49;3, 29677, 90;
1787244437.379717832 0, 31897, 6;1, 19761, 10;2, 25555, 10;3, 29901, 4;
1787244441.282499968 0, 31897, 13;1, 19765, 5;2, 25553, 12;3, 30313, 0;
1787244444.287514263 0, 31897, 92;1, 19765, 93;2, 24327, 95;3, 30573, 23;
1787244446.980554044 0, 31897, 93;1, 19765, 93;2, 24327, 83;3, 30573, 61;
1787244449.585392015 0, 31769, 92;1, 19765, 94;2, 24327, 96;3, 30573, 58;
1787244452.195897521 0, 31769, 70;1, 19765, 95;2, 24327, 67;3, 30573, 88;
1787244454.851606721 0, 31385, 92;1, 19765, 93;2, 24327, 95;3, 30573, 69;
1787244457.424137474 0, 31385, 90;1, 19765, 96;2, 24215, 94;3, 30573, 47;
1787244460.091415984 0, 31385, 92;1, 19877, 61;2, 24103, 49;3, 30573, 70;
1787244462.722899193 0, 31385, 89;1, 19879, 29;2, 24103, 14;3, 30573, 77;
1787244465.365296950 0, 31257, 82;1, 19879, 32;2, 24103, 58;3, 30573, 8;
1787244468.007512553 0, 31257, 91;1, 19991, 50;2, 24103, 63;3, 30573, 87;
1787244470.620736602 0, 31257, 92;1, 19991, 46;2, 24103, 29;3, 30573, 22;
1787244473.252211800 0, 31257, 64;1, 19991, 49;2, 24103, 36;3, 30573, 19;
1787244475.896175490 0, 31257, 87;1, 19991, 92;2, 24103, 68;3, 30573, 30;
1787244478.529052215 0, 31181, 22;1, 19991, 55;2, 24103, 18;3, 30573, 14;
1787244481.992018138 0, 31129, 26;1, 19991, 47;2, 24103, 23;3, 30573, 9;
1787244485.411114417 0, 31129, 5;1, 19991, 6;2, 24103, 0;3, 30573, 9;
1787244490.786743405 0, 31281, 93;1, 20163, 56;2, 30915, 86;3, 30745, 73;
1787244493.369708718 0, 31129, 8;1, 19991, 5;2, 33019, 0;3, 30461, 14;
1787244497.396171647 0, 31129, 9;1, 19991, 42;2, 33911, 67;3, 30461, 67;
1787244499.961061142 0, 31129, 14;1, 19991, 2;2, 33949, 0;3, 30461, 5;
1787244504.035144858 0, 31129, 11;1, 19991, 33;2, 34361, 28;3, 30349, 19;
1787244506.709057743 0, 31129, 92;1, 19991, 48;2, 34921, 88;3, 30237, 41;
1787244509.318246932 0, 31129, 91;1, 20087, 41;2, 35113, 96;3, 30233, 0;
1787244512.260523933 0, 33907, 7;1, 19925, 5;2, 32413, 21;3, 29901, 11;
1787244516.287483527 0, 33907, 67;1, 19925, 44;2, 32525, 98;3, 29341, 91;
1787244518.994387498 0, 33907, 0;1, 19925, 2;2, 32753, 4;3, 28787, 0;
1787244522.743487793 0, 33907, 15;1, 19925, 9;2, 33671, 0;3, 28669, 1;
1787244526.065379257 0, 33907, 91;1, 19925, 49;2, 33679, 93;3, 28669, 59;
1787244528.596230300 0, 33907, 91;1, 19925, 31;2, 33791, 99;3, 28669, 49;
1787244531.102723772 0, 33757, 22;1, 19757, 0;2, 34075, 2;3, 28669, 0;
1787244536.648149050 0, 31129, 66;1, 17147, 44;2, 34687, 19;3, 28669, 5;
1787244539.834614580 0, 31129, 23;1, 18511, 5;2, 34799, 10;3, 28557, 0;
1787244543.581713773 0, 31281, 94;1, 23735, 68;2, 35083, 98;3, 28729, 86;
