1787162737.951799480 0, 35732, 13;1, 35786, 25;2, 0, 0;3, 0, 0;
1787162740.262709778 0, 35848, 21;1, 35828, 4;2, 0, 0;3, 0, 0;
1787162742.551984053 0, 35850, 27;1, 35888, 49;2, 0, 0;3, 0, 0;
1787162744.837284442 0, 35852, 47;1, 35936, 48;2, 0, 0;3, 0, 0;
1787162747.132151674 0, 35872, 45;1, 36304, 55;2, 0, 0;3, 0, 0;
1787162749.434463597 0, 35872, 35;1, 36934, 54;2, 0, 0;3, 0, 0;
1787162751.725044072 0, 36128, 55;1, 37046, 66;2, 0, 0;3, 0, 0;
1787162754.029850918 0, 36128, 54;1, 37362, 66;2, 0, 0;3, 0, 0;
1787162756.365617329 0, 36192, 47;1, 38058, 37;2, 0, 0;3, 0, 0;
1787162758.690896995 0, 36192, 9;1, 38266, 60;2, 0, 0;3, 0, 0;
1787162761.046688815 0, 36528, 36;1, 38282, 62;2, 0, 0;3, 0, 0;
1787162763.337545668 0, 36528, 47;1, 38732, 53;2, 0, 0;3, 0, 0;
1787162765.667535788 0, 37054, 36;1, 38844, 83;2, 0, 0;3, 0, 0;
1787162767.983442567 0, 37054, 48;1, 39212, 63;2, 0, 0;3, 0, 0;
1787162770.274976420 0, 37128, 42;1, 39562, 15;2, 0, 0;3, 0, 0;
1787162772.604461488 0, 37128, 50;1, 39966, 46;2, 0, 0;3, 0, 0;
1787162774.957072600 0, 37128, 54;1, 39966, 55;2, 0, 0;3, 0, 0;
1787162777.293740258 0, 37128, 48;1, 40010, 82;2, 0, 0;3, 0, 0;
1787162779.583211715 0, 37128, 36;1, 40010, 41;2, 0, 0;3, 0, 0;
1787162781.883336397 0, 37128, 48;1, 40010, 70;2, 0, 0;3, 0, 0;
1787162784.173023584 0, 37128, 31;1, 40010, 52;2, 0, 0;3, 0, 0;
1787162786.458729324 0, 37128, 52;1, 40010, 59;2, 0, 0;3, 0, 0;
1787162789.473747991 0, 37128, 38;1, 40218, 66;2, 0, 0;3, 0, 0;
1787162792.228791149 0, 28740, 44;1, 40218, 51;2, 0, 0;3, 0, 0;
1787162794.673725865 0, 28740, 52;1, 40218, 70;2, 0, 0;3, 0, 0;
1787162796.959518722 0, 36268, 35;1, 40426, 88;2, 0, 0;3, 0, 0;
1787162799.281823064 0, 38272, 52;1, 40106, 72;2, 0, 0;3, 0, 0;
1787162801.584682096 0, 38274, 65;1, 40106, 39;2, 0, 0;3, 0, 0;
1787162803.888849290 0, 38658, 50;1, 39882, 35;2, 0, 0;3, 0, 0;
1787162806.188595986 0, 38914, 19;1, 39882, 64;2, 0, 0;3, 0, 0;
1787162808.499657219 0, 39170, 56;1, 39882, 43;2, 0, 0;3, 0, 0;
1787162810.837972702 0, 39554, 60;1, 39322, 69;2, 0, 0;3, 0, 0;
1787162813.181461883 0, 39938, 53;1, 39322, 76;2, 0, 0;3, 0, 0;
1787162815.511175592 0, 40194, 48;1, 39322, 45;2, 0, 0;3, 0, 0;
1787162817.818601157 0, 40194, 60;1, 39210, 62;2, 0, 0;3, 0, 0;
1787162820.115142516 0, 40194, 66;1, 39210, 54;2, 0, 0;3, 0, 0;
1787162822.421660070 0, 40194, 46;1, 39210, 55;2, 0, 0;3, 0, 0;
1787162825.050150321 0, 40194, 36;1, 39210, 43;2, 0, 0;3, 0, 0;
1787162829.272737915 0, 40194, 65;1, 39210, 68;2, 0, 0;3, 0, 0;
1787162831.585302155 0, 40194, 41;1, 39098, 33;2, 0, 0;3, 0, 0;
1787162833.874759011 0, 40194, 38;1, 39298, 57;2, 0, 0;3, 0, 0;
1787162836.149291983 0, 40066, 20;1, 39298, 55;2, 0, 0;3, 0, 0;
1787162838.416821496 0, 35824, 37;1, 39186, 95;2, 0, 0;3, 0, 0;
1787162840.697012726 0, 35568, 1;1, 39074, 77;2, 0, 0;3, 0, 0;
1787162842.992121248 0, 35568, 25;1, 39074, 39;2, 0, 0;3, 0, 0;
1787162845.284320385 0, 35570, 70;1, 39074, 65;2, 0, 0;3, 0, 0;
1787162847.576092812 0, 35570, 53;1, 39074, 66;2, 0, 0;3, 0, 0;
1787162849.852169804 0, 35570, 99;1, 39074, 54;2, 0, 0;3, 0, 0;
1787162852.124814381 0, 35714, 94;1, 39074, 45;2, 0, 0;3, 0, 0;
1787162854.411293348 0, 35784, 57;1, 39074, 97;2, 0, 0;3, 0, 0;
1787162856.716730443 0, 36014, 28;1, 38962, 34;2, 0, 0;3, 0, 0;
1787162859.033338664 0, 35246, 13;1, 39074, 39;2, 0, 0;3, 0, 0;
1787162861.324142876 0, 35246, 63;1, 38514, 76;2, 0, 0;3, 0, 0;
1787162863.620553176 0, 34952, 18;1, 38514, 54;2, 0, 0;3, 0, 0;
1787162866.456196127 0, 34350, 60;1, 38514, 38;2, 0, 0;3, 0, 0;
1787162868.953305614 0, 34350, 56;1, 38626, 43;2, 0, 0;3, 0, 0;
1787162871.290649793 0, 34350, 49;1, 38626, 66;2, 0, 0;3, 0, 0;
1787162873.646403560 0, 34350, 65;1, 38626, 36;2, 0, 0;3, 0, 0;
1787162875.938182421 0, 34222, 53;1, 38626, 57;2, 0, 0;3, 0, 0;
1787162878.291633343 0, 34094, 61;1, 38626, 82;2, 0, 0;3, 0, 0;
1787162880.593149697 0, 34094, 71;1, 38740, 73;2, 0, 0;3, 0, 0;
1787162882.901285381 0, 33998, 37;1, 38852, 15;2, 0, 0;3, 0, 0;
1787162885.220733931 0, 33966, 34;1, 38852, 61;2, 0, 0;3, 0, 0;
1787162887.528217634 0, 33838, 62;1, 38852, 69;2, 0, 0;3, 0, 0;
1787162889.859524091 0, 33950, 42;1, 38852, 69;2, 0, 0;3, 0, 0;
1787162892.165324369 0, 33950, 61;1, 38852, 73;2, 0, 0;3, 0, 0;
1787162894.458182219 0, 33950, 65;1, 38852, 41;2, 0, 0;3, 0, 0;
1787162896.761937654 0, 33950, 57;1, 39064, 53;2, 0, 0;3, 0, 0;
1787162899.058403197 0, 33950, 63;1, 33526, 51;2, 0, 0;3, 0, 0;
1787162901.356143113 0, 33950, 76;1, 33526, 62;2, 0, 0;3, 0, 0;
1787162903.645231875 0, 33950, 70;1, 33526, 51;2, 0, 0;3, 0, 0;
1787162905.932937084 0, 33950, 62;1, 33526, 35;2, 0, 0;3, 0, 0;
1787162908.225112170 0, 33950, 54;1, 33526, 36;2, 0, 0;3, 0, 0;
1787162910.523452064 0, 33950, 79;1, 33526, 64;2, 0, 0;3, 0, 0;
1787162912.829154559 0, 33950, 69;1, 33526, 66;2, 0, 0;3, 0, 0;
1787162915.134282983 0, 33950, 50;1, 33526, 49;2, 0, 0;3, 0, 0;
1787162917.426090087 0, 34066, 71;1, 33526, 61;2, 0, 0;3, 0, 0;
1787162919.715989667 0, 34066, 52;1, 33526, 40;2, 0, 0;3, 0, 0;
1787162921.999486078 0, 34066, 70;1, 33526, 31;2, 0, 0;3, 0, 0;
1787162924.290088589 0, 39054, 38;1, 33772, 50;2, 0, 0;3, 0, 0;
1787162926.584788125 0, 39694, 65;1, 33526, 30;2, 0, 0;3, 0, 0;
1787162928.884614739 0, 39692, 53;1, 33526, 60;2, 0, 0;3, 0, 0;
1787162931.172894945 0, 39692, 45;1, 33526, 41;2, 0, 0;3, 0, 0;
1787162933.463657874 0, 39692, 54;1, 33414, 12;2, 0, 0;3, 0, 0;
1787162935.750953018 0, 40034, 64;1, 32742, 0;2, 0, 0;3, 0, 0;
1787162938.029597529 0, 40034, 58;1, 32742, 0;2, 0, 0;3, 0, 0;
1787162940.305853516 0, 39778, 55;1, 32742, 0;2, 0, 0;3, 0, 0;
1787162942.849400298 0, 39952, 38;1, 32742, 0;2, 0, 0;3, 0, 0;
1787162945.614309866 0, 40002, 25;1, 32742, 0;2, 0, 0;3, 0, 0;
1787162947.902315699 0, 40114, 48;1, 32742, 0;2, 0, 0;3, 0, 0;
1787162950.193550167 0, 40116, 78;1, 32742, 0;2, 0, 0;3, 0, 0;
1787162952.467359028 0, 40228, 28;1, 32742, 0;2, 0, 0;3, 0, 0;
1787162954.760971528 0, 40756, 59;1, 49498, 50;2, 0, 0;3, 0, 0;
1787162957.043613952 0, 22142, 45;1, 49742, 0;2, 0, 0;3, 0, 0;
1787162959.327394127 0, 22462, 76;1, 58050, 25;2, 0, 0;3, 0, 0;
1787162961.622734088 0, 22142, 55;1, 59506, 41;2, 0, 0;3, 0, 0;
1787162963.936502657 0, 22142, 52;1, 60464, 20;2, 0, 0;3, 0, 0;
1787162966.233156810 0, 22142, 59;1, 60810, 36;2, 0, 0;3, 0, 0;
1787162968.527753950 0, 21492, 10;1, 60810, 46;2, 0, 0;3, 0, 0;
1787162970.818370913 0, 16012, 5;1, 61166, 29;2, 0, 0;3, 0, 0;
1787162973.133836483 0, 16118, 6;1, 61578, 11;2, 0, 0;3, 0, 0;
1787162975.436243713 0, 16118, 5;1, 60960, 65;2, 0, 0;3, 0, 0;
1787162977.731243871 0, 16118, 12;1, 44540, 19;2, 0, 0;3, 0, 0;
1787162980.020817822 0, 16118, 3;1, 45436, 11;2, 0, 0;3, 0, 0;
1787162982.333328366 0, 16186, 12;1, 46332, 38;2, 0, 0;3, 0, 0;
1787162984.640942962 0, 16186, 0;1, 47100, 15;2, 0, 0;3, 0, 0;
1787162986.969910399 0, 16186, 8;1, 47612, 55;2, 0, 0;3, 0, 0;
1787162989.382135309 0, 16186, 0;1, 47612, 76;2, 0, 0;3, 0, 0;
1787162991.707458291 0, 16186, 10;1, 47612, 44;2, 0, 0;3, 0, 0;
1787162994.032830202 0, 16250, 7;1, 47612, 70;2, 0, 0;3, 0, 0;
1787162996.372170923 0, 16250, 11;1, 47612, 30;2, 0, 0;3, 0, 0;
1787162998.672206177 0, 16250, 7;1, 48248, 16;2, 0, 0;3, 0, 0;
1787163001.045529257 0, 16250, 7;1, 48878, 54;2, 0, 0;3, 0, 0;
1787163003.425734148 0, 16250, 7;1, 49518, 39;2, 0, 0;3, 0, 0;
1787163005.730399867 0, 16250, 6;1, 50158, 83;2, 0, 0;3, 0, 0;
1787163008.036253277 0, 16250, 8;1, 50884, 77;2, 0, 0;3, 0, 0;
1787163010.398949921 0, 16230, 7;1, 51594, 16;2, 0, 0;3, 0, 0;
1787163012.878361956 0, 10302, 9;1, 43982, 11;2, 0, 0;3, 0, 0;
1787163015.322086139 0, 10378, 7;1, 43982, 67;2, 0, 0;3, 0, 0;
1787163017.666167474 0, 18114, 11;1, 44282, 68;2, 0, 0;3, 0, 0;
1787163020.487770853 0, 33812, 19;1, 44518, 67;2, 0, 0;3, 0, 0;
1787163023.516634727 0, 42000, 72;1, 44488, 67;2, 0, 0;3, 0, 0;
1787163025.990648312 0, 43904, 58;1, 43966, 59;2, 0, 0;3, 0, 0;
1787163028.373232843 0, 44236, 45;1, 43710, 83;2, 0, 0;3, 0, 0;
1787163030.751246716 0, 44614, 40;1, 43454, 48;2, 0, 0;3, 0, 0;
1787163033.090241502 0, 44906, 42;1, 34578, 45;2, 0, 0;3, 0, 0;
1787163035.463816548 0, 45422, 64;1, 33810, 41;2, 0, 0;3, 0, 0;
1787163037.834475770 0, 45620, 50;1, 33810, 42;2, 0, 0;3, 0, 0;
1787163040.185186932 0, 45934, 55;1, 31530, 1;2, 0, 0;3, 0, 0;
1787163042.592635287 0, 46270, 65;1, 29330, 36;2, 0, 0;3, 0, 0;
1787163044.883940261 0, 46720, 56;1, 28706, 20;2, 0, 0;3, 0, 0;
1787163047.182474915 0, 46720, 57;1, 28050, 34;2, 0, 0;3, 0, 0;
1787163049.462566502 0, 46832, 62;1, 26130, 33;2, 0, 0;3, 0, 0;
1787163051.767663685 0, 46944, 47;1, 25874, 14;2, 0, 0;3, 0, 0;
1787163054.066109628 0, 47056, 49;1, 25746, 32;2, 0, 0;3, 0, 0;
1787163056.356186468 0, 47146, 67;1, 25106, 29;2, 0, 0;3, 0, 0;
1787163058.635318812 0, 47370, 49;1, 25106, 68;2, 0, 0;3, 0, 0;
1787163060.929155438 0, 47750, 56;1, 25106, 77;2, 0, 0;3, 0, 0;
1787163063.210994925 0, 47974, 100;1, 24850, 1;2, 0, 0;3, 0, 0;
1787163065.494932366 0, 47974, 74;1, 24850, 0;2, 0, 0;3, 0, 0;
1787163067.795843041 0, 48086, 67;1, 24850, 0;2, 0, 0;3, 0, 0;
1787163070.095968814 0, 48548, 64;1, 28576, 0;2, 0, 0;3, 0, 0;
1787163072.403546448 0, 48324, 36;1, 28692, 10;2, 0, 0;3, 0, 0;
1787163074.692499545 0, 48000, 55;1, 28786, 0;2, 0, 0;3, 0, 0;
1787163076.991818656 0, 43066, 64;1, 28788, 13;2, 0, 0;3, 0, 0;
1787163079.283322876 0, 43066, 72;1, 28788, 8;2, 0, 0;3, 0, 0;
1787163081.564469130 0, 43066, 58;1, 28788, 7;2, 0, 0;3, 0, 0;
1787163083.862316919 0, 43178, 48;1, 28788, 11;2, 0, 0;3, 0, 0;
1787163086.142173591 0, 43178, 30;1, 28788, 17;2, 0, 0;3, 0, 0;
1787163088.411338556 0, 43120, 95;1, 36520, 15;2, 0, 0;3, 0, 0;
1787163090.706591070 0, 34966, 51;1, 36520, 10;2, 0, 0;3, 0, 0;
1787163093.007039471 0, 35078, 99;1, 36520, 0;2, 0, 0;3, 0, 0;
1787163095.298902940 0, 35190, 7;1, 36520, 5;2, 0, 0;3, 0, 0;
1787163097.785686844 0, 35638, 13;1, 43164, 7;2, 0, 0;3, 0, 0;
1787163100.682323380 0, 35750, 67;1, 45146, 44;2, 0, 0;3, 0, 0;
1787163102.986783946 0, 35750, 44;1, 45146, 40;2, 0, 0;3, 0, 0;
1787163105.341965406 0, 35750, 69;1, 45182, 28;2, 0, 0;3, 0, 0;
1787163107.673792552 0, 35750, 58;1, 45326, 38;2, 0, 0;3, 0, 0;
1787163109.982489073 0, 36086, 70;1, 45326, 36;2, 0, 0;3, 0, 0;
1787163112.340722907 0, 31148, 44;1, 45376, 34;2, 0, 0;3, 0, 0;
1787163114.689976617 0, 27196, 41;1, 19102, 33;2, 0, 0;3, 0, 0;
1787163116.992028018 0, 27196, 27;1, 19102, 39;2, 0, 0;3, 0, 0;
1787163119.286757438 0, 27196, 22;1, 19102, 42;2, 0, 0;3, 0, 0;
1787163121.595193787 0, 27196, 33;1, 19102, 27;2, 0, 0;3, 0, 0;
1787163123.959598489 0, 27196, 41;1, 19102, 46;2, 0, 0;3, 0, 0;
1787163126.213439288 0, 27084, 0;1, 19102, 50;2, 0, 0;3, 0, 0;
1787163128.512628233 0, 26972, 33;1, 19102, 92;2, 0, 0;3, 0, 0;
1787163130.812437099 0, 26300, 15;1, 19102, 66;2, 0, 0;3, 0, 0;
1787163133.116177230 0, 25852, 71;1, 19168, 99;2, 0, 0;3, 0, 0;
1787163135.398439329 0, 25628, 28;1, 19168, 98;2, 0, 0;3, 0, 0;
1787163137.689597062 0, 25628, 82;1, 19168, 98;2, 0, 0;3, 0, 0;
1787163139.992652991 0, 25874, 39;1, 25542, 24;2, 0, 0;3, 0, 0;
1787163142.287157848 0, 26156, 79;1, 41608, 77;2, 0, 0;3, 0, 0;
1787163144.587108863 0, 25404, 24;1, 42016, 54;2, 0, 0;3, 0, 0;
1787163146.894470678 0, 25292, 73;1, 42232, 57;2, 0, 0;3, 0, 0;
1787163149.200911702 0, 25180, 34;1, 42726, 20;2, 0, 0;3, 0, 0;
1787163151.497202220 0, 24956, 17;1, 42840, 48;2, 0, 0;3, 0, 0;
1787163153.794567400 0, 24396, 38;1, 42840, 56;2, 0, 0;3, 0, 0;
1787163156.086447791 0, 24396, 25;1, 42840, 59;2, 0, 0;3, 0, 0;
1787163158.379891604 0, 24396, 70;1, 43098, 61;2, 0, 0;3, 0, 0;
1787163160.663373379 0, 24284, 38;1, 43098, 100;2, 0, 0;3, 0, 0;
1787163162.948744104 0, 24284, 23;1, 43098, 83;2, 0, 0;3, 0, 0;
1787163165.238275752 0, 24060, 67;1, 43098, 58;2, 0, 0;3, 0, 0;
1787163167.531777984 0, 23836, 0;1, 43098, 81;2, 0, 0;3, 0, 0;
1787163169.834109148 0, 23836, 0;1, 43098, 55;2, 0, 0;3, 0, 0;
1787163172.127392171 0, 23836, 0;1, 42968, 41;2, 0, 0;3, 0, 0;
