1787207528.991719561 0, 35432, 0;1, 35446, 0;
1787207531.201687076 0, 35864, 0;1, 35902, 0;
1787207533.326524842 0, 34462, 93;1, 39644, 49;
1787207535.495032883 0, 34462, 87;1, 39714, 96;
1787207537.630731238 0, 34462, 10;1, 39874, 29;
1787207539.846154730 0, 34616, 75;1, 40188, 100;
1787207541.993558618 0, 34616, 92;1, 40414, 100;
1787207544.173521614 0, 34616, 87;1, 40540, 99;
1787207546.311949113 0, 34616, 93;1, 40540, 100;
1787207548.472936982 0, 34616, 92;1, 40540, 100;
1787207550.646709095 0, 34616, 93;1, 40766, 100;
1787207552.800983020 0, 34840, 93;1, 40766, 100;
1787207554.974423417 0, 34840, 92;1, 40766, 100;
1787207557.126514010 0, 34930, 92;1, 40766, 100;
1787207559.310024413 0, 34930, 91;1, 40878, 100;
1787207561.487464039 0, 41810, 93;1, 40878, 100;
1787207563.686351606 0, 42662, 92;1, 40878, 100;
1787207565.880230272 0, 42886, 93;1, 40878, 100;
1787207568.057261162 0, 43172, 100;1, 40960, 99;
1787207570.252593504 0, 43172, 100;1, 39038, 100;
1787207572.445209653 0, 43312, 100;1, 39070, 100;
1787207574.615953394 0, 43696, 99;1, 39070, 100;
1787207576.765065862 0, 44384, 99;1, 39070, 100;
1787207578.917569877 0, 44514, 99;1, 39072, 77;
1787207581.105572879 0, 44514, 99;1, 39138, 49;
1787207583.301767918 0, 45026, 95;1, 39138, 2;
1787207588.350772120 0, 46258, 99;1, 39138, 99;
1787207590.539343166 0, 46642, 99;1, 39246, 96;
1787207592.709136027 0, 46642, 99;1, 39246, 50;
1787207594.902483897 0, 46642, 94;1, 43570, 29;
1787207597.121904343 0, 46900, 99;1, 47642, 47;
1787207599.315212748 0, 47156, 99;1, 47784, 98;
1787207601.505665294 0, 47156, 99;1, 47786, 98;
1787207603.659531762 0, 47156, 99;1, 47838, 98;
1787207605.854255868 0, 44944, 99;1, 47904, 99;
1787207608.026951407 0, 44944, 99;1, 47904, 99;
1787207610.215125013 0, 44944, 98;1, 47904, 99;
1787207612.384081774 0, 44944, 92;1, 47904, 99;
1787207614.571522092 0, 44944, 91;1, 47904, 96;
1787207616.731382544 0, 44432, 37;1, 48118, 21;
1787207618.930799256 0, 43408, 92;1, 48118, 98;
1787207621.102453374 0, 43024, 92;1, 46170, 99;
1787207623.275620304 0, 43024, 91;1, 46226, 72;
1787207625.473465351 0, 43418, 99;1, 53106, 99;
1787207627.680550095 0, 43024, 98;1, 53958, 100;
1787207629.859335613 0, 43152, 99;1, 53958, 99;
1787207632.036022492 0, 34916, 94;1, 53958, 99;
1787207634.210406436 0, 34916, 90;1, 54106, 99;
1787207636.372767874 0, 34788, 84;1, 54106, 99;
1787207638.552624000 0, 34788, 93;1, 54552, 100;
1787207640.710823989 0, 34404, 92;1, 54552, 100;
1787207642.888223820 0, 34404, 92;1, 54552, 100;
1787207645.088164994 0, 34404, 93;1, 54634, 100;
1787207647.280263746 0, 50664, 92;1, 54746, 100;
1787207649.446957595 0, 50958, 100;1, 55084, 100;
1787207651.641343757 0, 50190, 0;1, 55420, 71;
1787207653.822343009 0, 50190, 91;1, 55420, 67;
1787207655.979949533 0, 50190, 100;1, 55980, 74;
1787207658.160666011 0, 58522, 99;1, 41014, 78;
1787207660.364914917 0, 58522, 100;1, 41014, 75;
1787207662.564219440 0, 58522, 99;1, 41014, 71;
1787207664.741052879 0, 58522, 99;1, 41014, 71;
1787207666.902060518 0, 58524, 99;1, 40566, 72;
1787207669.103453649 0, 58778, 99;1, 40566, 74;
1787207671.282601625 0, 58778, 100;1, 40566, 72;
1787207673.469720430 0, 58890, 46;1, 40566, 23;
1787207675.675236992 0, 58890, 99;1, 40566, 72;
1787207677.872271780 0, 58890, 99;1, 40566, 65;
1787207680.080298125 0, 58890, 99;1, 40566, 73;
1787207682.258307088 0, 58890, 99;1, 38100, 73;
1787207684.459706023 0, 58890, 100;1, 38212, 72;
1787207686.639810312 0, 61754, 100;1, 38486, 76;
1787207688.804106032 0, 62616, 99;1, 33860, 69;
1787207690.978891462 0, 62616, 99;1, 33860, 69;
1787207693.173455644 0, 62616, 100;1, 33636, 71;
1787207695.357808942 0, 62616, 99;1, 33636, 71;
1787207697.531709911 0, 43968, 100;1, 33636, 83;
1787207699.725648321 0, 43968, 100;1, 33748, 71;
1787207701.880118346 0, 44214, 100;1, 37276, 98;
1787207704.075938276 0, 43970, 99;1, 38948, 98;
1787207706.273270749 0, 43970, 99;1, 38500, 49;
1787207708.451350183 0, 43970, 100;1, 38500, 49;
1787207710.642497394 0, 44194, 99;1, 38500, 98;
1787207712.816616613 0, 44306, 99;1, 38500, 98;
1787207714.993054686 0, 44418, 99;1, 38500, 98;
1787207717.170346644 0, 44418, 99;1, 38500, 98;
1787207719.345843828 0, 44530, 98;1, 38500, 98;
1787207721.523974187 0, 44530, 99;1, 39502, 98;
1787207723.716073982 0, 44642, 99;1, 55246, 96;
1787207725.891566143 0, 44754, 100;1, 55738, 100;
1787207728.088511432 0, 44754, 100;1, 56144, 99;
1787207730.245993568 0, 44866, 99;1, 56144, 100;
1787207732.423214782 0, 44866, 99;1, 56532, 100;
1787207734.579499584 0, 44978, 100;1, 56532, 100;
1787207736.752638959 0, 45824, 92;1, 56566, 100;
1787207738.928318999 0, 45824, 98;1, 56566, 100;
1787207741.086456505 0, 45824, 99;1, 56566, 100;
1787207743.263833806 0, 45824, 98;1, 56566, 100;
1787207745.457196211 0, 45824, 92;1, 56566, 100;
1787207747.634927978 0, 45864, 93;1, 56566, 100;
1787207749.827219413 0, 45864, 69;1, 56566, 87;
1787207752.025306164 0, 45416, 90;1, 56566, 98;
1787207754.214875264 0, 45416, 91;1, 56566, 100;
1787207756.383538469 0, 45304, 92;1, 56566, 100;
1787207758.565257159 0, 45304, 92;1, 56716, 100;
1787207760.753911244 0, 45304, 92;1, 56716, 100;
1787207762.896368381 0, 45304, 93;1, 56716, 100;
1787207765.037639891 0, 45304, 93;1, 56716, 100;
1787207767.199156745 0, 45304, 92;1, 56716, 100;
1787207769.338957115 0, 45304, 92;1, 56770, 100;
1787207771.486582917 0, 45304, 93;1, 56830, 100;
1787207773.641988965 0, 45304, 90;1, 56830, 100;
1787207775.771654677 0, 45304, 92;1, 56830, 100;
1787207777.942044052 0, 45304, 91;1, 56832, 100;
1787207780.071474991 0, 45304, 98;1, 56832, 100;
1787207782.245113719 0, 45304, 92;1, 56832, 100;
1787207784.423115193 0, 45304, 88;1, 56832, 100;
1787207786.562491206 0, 45304, 12;1, 56832, 16;
1787207789.260375436 0, 45304, 92;1, 56832, 100;
1787207791.404815266 0, 45304, 92;1, 56960, 100;
1787207793.605899720 0, 57004, 83;1, 57616, 100;
1787207795.767160677 0, 59630, 99;1, 57632, 100;
1787207797.955400273 0, 59708, 99;1, 55546, 99;
1787207800.094909016 0, 59596, 99;1, 55882, 99;
1787207802.277051947 0, 59596, 100;1, 55994, 98;
1787207804.435568983 0, 59596, 100;1, 55994, 99;
1787207806.612835956 0, 59596, 99;1, 55994, 99;
1787207808.804864271 0, 59596, 99;1, 55994, 99;
1787207810.982874612 0, 59596, 100;1, 55994, 99;
1787207813.139478102 0, 59596, 99;1, 55994, 99;
1787207815.322299254 0, 59596, 100;1, 55994, 99;
1787207817.522320917 0, 59646, 100;1, 55770, 99;
1787207819.702475299 0, 59648, 99;1, 55770, 100;
1787207821.866527922 0, 59648, 99;1, 55770, 99;
1787207824.066929266 0, 59648, 99;1, 55770, 100;
1787207826.265346657 0, 59648, 86;1, 55770, 87;
1787207828.540103799 0, 59648, 74;1, 55770, 57;
1787207830.722691442 0, 59648, 99;1, 55770, 99;
1787207832.903529164 0, 58164, 100;1, 55770, 99;
1787207835.099044921 0, 58164, 99;1, 55770, 99;
1787207837.295778588 0, 58164, 99;1, 55770, 99;
1787207839.453041873 0, 58052, 98;1, 55770, 99;
1787207841.635627583 0, 58180, 99;1, 55770, 99;
1787207843.811420636 0, 58180, 99;1, 55770, 99;
1787207845.988061973 0, 58180, 99;1, 55658, 99;
1787207848.165284782 0, 58180, 99;1, 55546, 99;
1787207850.344333796 0, 58180, 99;1, 55546, 100;
1787207852.524949404 0, 73496, 100;1, 55658, 99;
1787207854.725675536 0, 75362, 100;1, 55658, 100;
1787207856.900933306 0, 75744, 100;1, 55658, 99;
1787207859.100358785 0, 75744, 100;1, 55658, 100;
1787207861.288552676 0, 75744, 100;1, 55658, 99;
1787207863.653491093 0, 75744, 100;1, 55658, 99;
1787207865.832382139 0, 75840, 100;1, 33988, 100;
1787207868.035459037 0, 75944, 100;1, 34324, 72;
1787207870.189266509 0, 76072, 100;1, 34100, 68;
1787207872.367659844 0, 76668, 100;1, 33876, 63;
1787207874.559547756 0, 76928, 100;1, 33204, 0;
1787207876.737789784 0, 77052, 99;1, 37154, 52;
1787207878.927349442 0, 77052, 100;1, 37154, 49;
1787207881.120673670 0, 77052, 100;1, 37154, 49;
1787207883.296890672 0, 77052, 100;1, 37156, 0;
1787207885.492229019 0, 77052, 100;1, 37156, 51;
1787207887.665750959 0, 77052, 97;1, 51780, 10;
1787207889.849034441 0, 73686, 98;1, 53384, 49;
1787207892.044108028 0, 74582, 100;1, 53386, 49;
1787207894.216772452 0, 74582, 100;1, 53386, 0;
1787207896.414036814 0, 74710, 100;1, 53386, 0;
1787207898.591529001 0, 75078, 99;1, 53386, 48;
1787207900.791471029 0, 75078, 100;1, 53386, 49;
1787207902.984020951 0, 75080, 100;1, 53386, 0;
1787207905.182459401 0, 75080, 85;1, 53386, 24;
1787207907.440779327 0, 75080, 100;1, 53450, 49;
1787207909.646747067 0, 75080, 99;1, 53450, 49;
1787207911.828341813 0, 75464, 100;1, 53450, 49;
1787207914.009293566 0, 75464, 100;1, 53450, 49;
1787207916.207847292 0, 75464, 100;1, 53450, 0;
1787207918.411535032 0, 75464, 100;1, 62044, 93;
1787207920.613819002 0, 75464, 100;1, 62144, 99;
1787207922.817366145 0, 75464, 99;1, 62220, 99;
1787207925.022719536 0, 75464, 100;1, 62434, 99;
1787207927.206521472 0, 75592, 99;1, 62434, 99;
1787207929.392612157 0, 57802, 100;1, 60754, 98;
1787207931.594404161 0, 57802, 99;1, 22936, 98;
1787207933.772004216 0, 57802, 98;1, 22936, 98;
1787207935.971161761 0, 57930, 98;1, 22936, 98;
1787207938.127174832 0, 57930, 93;1, 22936, 98;
1787207940.308136766 0, 57930, 94;1, 23046, 63;
1787207942.502403776 0, 57930, 90;1, 23046, 97;
1787207944.678069267 0, 57546, 98;1, 37670, 99;
1787207946.875195850 0, 56522, 99;1, 39890, 100;
1787207949.058050552 0, 56138, 99;1, 40002, 100;
1787207951.215618561 0, 54858, 77;1, 45206, 99;
1787207953.410840923 0, 49224, 95;1, 45206, 88;
1787207955.588215801 0, 49224, 93;1, 45206, 100;
1787207957.765831592 0, 48712, 0;1, 45206, 100;
