1787312025.090221936 0, 33804, 1;1, 33818, 3;2, 0, 0;3, 0, 0;
1787312027.430492160 0, 33940, 0;1, 33938, 0;2, 0, 0;3, 0, 0;
1787312029.772740239 0, 33942, 90;1, 33996, 50;2, 0, 0;3, 0, 0;
1787312032.128231851 0, 33942, 63;1, 34216, 42;2, 0, 0;3, 0, 0;
1787312034.448186926 0, 33942, 16;1, 34216, 69;2, 0, 0;3, 0, 0;
1787312036.798309487 0, 34096, 12;1, 34588, 59;2, 0, 0;3, 0, 0;
1787312039.089112945 0, 34096, 26;1, 34872, 52;2, 0, 0;3, 0, 0;
1787312041.430585407 0, 34096, 24;1, 34984, 47;2, 0, 0;3, 0, 0;
1787312043.743497487 0, 34096, 25;1, 34984, 60;2, 0, 0;3, 0, 0;
1787312046.141353600 0, 34096, 6;1, 35032, 23;2, 0, 0;3, 0, 0;
1787312048.573922474 0, 34320, 18;1, 35032, 28;2, 0, 0;3, 0, 0;
1787312050.957365034 0, 34320, 23;1, 35144, 50;2, 0, 0;3, 0, 0;
1787312053.389464533 0, 34538, 12;1, 35144, 38;2, 0, 0;3, 0, 0;
1787312055.744321240 0, 34666, 18;1, 35494, 42;2, 0, 0;3, 0, 0;
1787312058.122040176 0, 34666, 29;1, 35494, 54;2, 0, 0;3, 0, 0;
1787312060.413464408 0, 34666, 19;1, 35494, 27;2, 0, 0;3, 0, 0;
1787312062.822689010 0, 34666, 30;1, 35656, 41;2, 0, 0;3, 0, 0;
1787312065.291333154 0, 34666, 17;1, 35736, 41;2, 0, 0;3, 0, 0;
1787312067.664184312 0, 34760, 45;1, 35736, 49;2, 0, 0;3, 0, 0;
1787312070.010756744 0, 34944, 15;1, 35736, 16;2, 0, 0;3, 0, 0;
1787312072.973871965 0, 36000, 18;1, 35736, 52;2, 0, 0;3, 0, 0;
1787312075.754662505 0, 36536, 65;1, 35736, 47;2, 0, 0;3, 0, 0;
1787312078.286672454 0, 36710, 47;1, 35736, 46;2, 0, 0;3, 0, 0;
1787312080.702108023 0, 36984, 39;1, 35736, 38;2, 0, 0;3, 0, 0;
1787312083.049452822 0, 37240, 18;1, 35736, 27;2, 0, 0;3, 0, 0;
1787312085.546667369 0, 38008, 25;1, 35738, 29;2, 0, 0;3, 0, 0;
1787312087.895245488 0, 38052, 59;1, 35626, 7;2, 0, 0;3, 0, 0;
1787312090.350470697 0, 38436, 69;1, 35514, 0;2, 0, 0;3, 0, 0;
1787312092.865352303 0, 39332, 48;1, 35514, 0;2, 0, 0;3, 0, 0;
1787312095.265948547 0, 39588, 54;1, 35514, 0;2, 0, 0;3, 0, 0;
1787312097.600687817 0, 39588, 71;1, 35514, 0;2, 0, 0;3, 0, 0;
1787312099.936433085 0, 39640, 81;1, 35514, 0;2, 0, 0;3, 0, 0;
1787312102.278191330 0, 39640, 34;1, 35514, 13;2, 0, 0;3, 0, 0;
1787312104.687148149 0, 39896, 12;1, 35514, 21;2, 0, 0;3, 0, 0;
1787312107.203003031 0, 40024, 53;1, 35514, 9;2, 0, 0;3, 0, 0;
1787312109.632714242 0, 40536, 29;1, 35514, 0;2, 0, 0;3, 0, 0;
1787312112.028067435 0, 40536, 36;1, 35514, 4;2, 0, 0;3, 0, 0;
1787312114.491625890 0, 40750, 62;1, 35514, 0;2, 0, 0;3, 0, 0;
1787312117.031666651 0, 40750, 60;1, 35514, 0;2, 0, 0;3, 0, 0;
1787312119.381827911 0, 40806, 50;1, 34206, 16;2, 0, 0;3, 0, 0;
1787312121.780868693 0, 40934, 40;1, 34206, 12;2, 0, 0;3, 0, 0;
1787312124.160617294 0, 40934, 64;1, 34206, 25;2, 0, 0;3, 0, 0;
1787312126.733499182 0, 41190, 59;1, 34206, 25;2, 0, 0;3, 0, 0;
1787312129.156873773 0, 41318, 66;1, 34206, 18;2, 0, 0;3, 0, 0;
1787312131.567542276 0, 41318, 37;1, 34206, 0;2, 0, 0;3, 0, 0;
1787312133.929446388 0, 41318, 32;1, 34336, 12;2, 0, 0;3, 0, 0;
1787312136.410224096 0, 41318, 85;1, 34336, 13;2, 0, 0;3, 0, 0;
1787312138.735268201 0, 41318, 56;1, 34336, 10;2, 0, 0;3, 0, 0;
1787312141.062143480 0, 41394, 31;1, 34336, 0;2, 0, 0;3, 0, 0;
1787312143.521927315 0, 41930, 35;1, 49072, 20;2, 0, 0;3, 0, 0;
1787312145.880186948 0, 41394, 50;1, 49766, 10;2, 0, 0;3, 0, 0;
1787312148.545828809 0, 41394, 42;1, 51198, 62;2, 0, 0;3, 0, 0;
1787312151.344900851 0, 41216, 19;1, 51848, 17;2, 0, 0;3, 0, 0;
1787312153.955633354 0, 40370, 10;1, 52046, 33;2, 0, 0;3, 0, 0;
1787312156.456900432 0, 39986, 34;1, 52270, 32;2, 0, 0;3, 0, 0;
1787312158.985955338 0, 39858, 28;1, 53140, 35;2, 0, 0;3, 0, 0;
1787312161.403743826 0, 37298, 13;1, 53252, 41;2, 0, 0;3, 0, 0;
1787312163.776152220 0, 37298, 21;1, 53842, 16;2, 0, 0;3, 0, 0;
1787312166.240357169 0, 36952, 20;1, 54514, 33;2, 0, 0;3, 0, 0;
1787312168.680068448 0, 36658, 0;1, 54516, 21;2, 0, 0;3, 0, 0;
1787312171.057328140 0, 36530, 18;1, 54630, 38;2, 0, 0;3, 0, 0;
1787312173.392399862 0, 36530, 24;1, 54592, 50;2, 0, 0;3, 0, 0;
1787312175.858346995 0, 36530, 28;1, 52852, 47;2, 0, 0;3, 0, 0;
1787312178.177206241 0, 36402, 12;1, 52964, 11;2, 0, 0;3, 0, 0;
1787312180.638862821 0, 36402, 20;1, 53412, 27;2, 0, 0;3, 0, 0;
1787312183.008589344 0, 36402, 20;1, 53412, 38;2, 0, 0;3, 0, 0;
1787312185.405266477 0, 36402, 22;1, 53412, 36;2, 0, 0;3, 0, 0;
1787312187.759486379 0, 36402, 20;1, 53412, 32;2, 0, 0;3, 0, 0;
1787312190.091435977 0, 36402, 23;1, 53412, 32;2, 0, 0;3, 0, 0;
1787312192.433953927 0, 36402, 18;1, 53412, 14;2, 0, 0;3, 0, 0;
1787312194.764178852 0, 33256, 26;1, 53188, 27;2, 0, 0;3, 0, 0;
1787312197.067587778 0, 33256, 15;1, 53076, 31;2, 0, 0;3, 0, 0;
1787312199.420204127 0, 37860, 25;1, 52516, 53;2, 0, 0;3, 0, 0;
1787312201.747233117 0, 37992, 34;1, 51620, 44;2, 0, 0;3, 0, 0;
1787312204.032742593 0, 37992, 33;1, 51396, 45;2, 0, 0;3, 0, 0;
1787312206.366449735 0, 37992, 100;1, 51488, 99;2, 0, 0;3, 0, 0;
1787312208.688694527 0, 37992, 44;1, 51508, 46;2, 0, 0;3, 0, 0;
1787312211.009978872 0, 37992, 77;1, 50052, 94;2, 0, 0;3, 0, 0;
1787312213.289032268 0, 37994, 36;1, 50052, 43;2, 0, 0;3, 0, 0;
1787312215.580972654 0, 37994, 30;1, 50052, 84;2, 0, 0;3, 0, 0;
1787312217.934106487 0, 37994, 30;1, 50052, 99;2, 0, 0;3, 0, 0;
1787312220.261342588 0, 37994, 18;1, 50164, 22;2, 0, 0;3, 0, 0;
1787312222.581396714 0, 37994, 41;1, 50276, 32;2, 0, 0;3, 0, 0;
1787312224.950809634 0, 37994, 32;1, 50388, 28;2, 0, 0;3, 0, 0;
1787312227.871829526 0, 38106, 59;1, 50276, 33;2, 0, 0;3, 0, 0;
1787312230.733895189 0, 41270, 47;1, 50276, 13;2, 0, 0;3, 0, 0;
1787312233.234374651 0, 41270, 26;1, 50500, 7;2, 0, 0;3, 0, 0;
1787312235.669691806 0, 41272, 38;1, 50882, 57;2, 0, 0;3, 0, 0;
1787312238.109260633 0, 41272, 42;1, 50882, 16;2, 0, 0;3, 0, 0;
1787312240.679000536 0, 41272, 39;1, 50882, 29;2, 0, 0;3, 0, 0;
1787312243.059946826 0, 41312, 32;1, 50882, 28;2, 0, 0;3, 0, 0;
1787312245.465298696 0, 41312, 43;1, 50882, 43;2, 0, 0;3, 0, 0;
1787312247.906147904 0, 41312, 43;1, 50882, 41;2, 0, 0;3, 0, 0;
1787312250.358700962 0, 41312, 18;1, 50660, 18;2, 0, 0;3, 0, 0;
1787312252.692247073 0, 41312, 37;1, 50660, 34;2, 0, 0;3, 0, 0;
1787312255.111318861 0, 41312, 37;1, 50660, 42;2, 0, 0;3, 0, 0;
1787312257.688803383 0, 41312, 30;1, 50660, 25;2, 0, 0;3, 0, 0;
1787312260.082531013 0, 41312, 20;1, 50660, 33;2, 0, 0;3, 0, 0;
1787312262.718883555 0, 41312, 40;1, 50660, 22;2, 0, 0;3, 0, 0;
1787312265.122976506 0, 41424, 29;1, 50660, 34;2, 0, 0;3, 0, 0;
1787312267.541427699 0, 41484, 30;1, 50660, 33;2, 0, 0;3, 0, 0;
1787312269.973921741 0, 41484, 26;1, 50660, 42;2, 0, 0;3, 0, 0;
1787312272.377249266 0, 41484, 61;1, 50660, 23;2, 0, 0;3, 0, 0;
1787312274.828959077 0, 41484, 40;1, 50660, 40;2, 0, 0;3, 0, 0;
1787312277.253810100 0, 41484, 29;1, 50660, 38;2, 0, 0;3, 0, 0;
1787312279.726039802 0, 41484, 25;1, 50660, 40;2, 0, 0;3, 0, 0;
1787312282.083758261 0, 41484, 12;1, 50660, 58;2, 0, 0;3, 0, 0;
1787312284.424489247 0, 41484, 36;1, 50660, 38;2, 0, 0;3, 0, 0;
1787312286.857392583 0, 48072, 88;1, 50980, 41;2, 0, 0;3, 0, 0;
1787312289.382990061 0, 49780, 47;1, 50772, 23;2, 0, 0;3, 0, 0;
1787312291.818704988 0, 49780, 35;1, 51220, 36;2, 0, 0;3, 0, 0;
1787312294.310074730 0, 49782, 46;1, 51108, 25;2, 0, 0;3, 0, 0;
1787312296.789618169 0, 49782, 39;1, 51220, 8;2, 0, 0;3, 0, 0;
1787312299.223999995 0, 49782, 46;1, 51332, 39;2, 0, 0;3, 0, 0;
1787312301.691837113 0, 49782, 37;1, 51556, 41;2, 0, 0;3, 0, 0;
1787312304.400339128 0, 49782, 52;1, 51892, 21;2, 0, 0;3, 0, 0;
1787312307.067504470 0, 49782, 98;1, 51892, 98;2, 0, 0;3, 0, 0;
1787312309.391089393 0, 49782, 50;1, 51892, 37;2, 0, 0;3, 0, 0;
1787312311.748421589 0, 49782, 53;1, 51892, 27;2, 0, 0;3, 0, 0;
1787312314.081036382 0, 49782, 36;1, 51892, 20;2, 0, 0;3, 0, 0;
1787312316.426912448 0, 49784, 48;1, 51892, 44;2, 0, 0;3, 0, 0;
1787312318.884774018 0, 49784, 63;1, 51892, 37;2, 0, 0;3, 0, 0;
1787312321.401467807 0, 49784, 31;1, 51892, 37;2, 0, 0;3, 0, 0;
1787312323.809819190 0, 49784, 49;1, 51668, 24;2, 0, 0;3, 0, 0;
1787312326.308610220 0, 49784, 45;1, 51668, 31;2, 0, 0;3, 0, 0;
1787312328.917775489 0, 49784, 54;1, 51668, 34;2, 0, 0;3, 0, 0;
1787312331.318688855 0, 48936, 41;1, 51668, 46;2, 0, 0;3, 0, 0;
1787312333.710033906 0, 48936, 49;1, 51668, 45;2, 0, 0;3, 0, 0;
1787312336.305458249 0, 48936, 51;1, 51668, 31;2, 0, 0;3, 0, 0;
1787312338.776424311 0, 49010, 47;1, 51556, 32;2, 0, 0;3, 0, 0;
1787312341.136184536 0, 49010, 42;1, 51332, 22;2, 0, 0;3, 0, 0;
1787312343.745735379 0, 49010, 36;1, 51098, 26;2, 0, 0;3, 0, 0;
1787312346.129766193 0, 49010, 40;1, 50884, 26;2, 0, 0;3, 0, 0;
1787312348.755739834 0, 49010, 45;1, 50884, 28;2, 0, 0;3, 0, 0;
1787312351.168101079 0, 49010, 41;1, 50884, 33;2, 0, 0;3, 0, 0;
1787312353.523854773 0, 49010, 48;1, 50884, 43;2, 0, 0;3, 0, 0;
1787312355.931659772 0, 49010, 43;1, 50884, 24;2, 0, 0;3, 0, 0;
1787312358.305946330 0, 49010, 31;1, 50884, 36;2, 0, 0;3, 0, 0;
1787312360.827113613 0, 49010, 22;1, 51108, 38;2, 0, 0;3, 0, 0;
1787312363.278775965 0, 49010, 40;1, 51556, 11;2, 0, 0;3, 0, 0;
1787312365.689558887 0, 49138, 39;1, 51780, 26;2, 0, 0;3, 0, 0;
1787312368.167240472 0, 49394, 34;1, 51780, 43;2, 0, 0;3, 0, 0;
1787312370.525358254 0, 49906, 26;1, 51780, 20;2, 0, 0;3, 0, 0;
1787312372.990049917 0, 53148, 31;1, 51780, 16;2, 0, 0;3, 0, 0;
1787312375.432436166 0, 54172, 50;1, 51780, 27;2, 0, 0;3, 0, 0;
1787312377.846769046 0, 54172, 57;1, 51358, 7;2, 0, 0;3, 0, 0;
1787312380.656885573 0, 54174, 38;1, 49554, 1;2, 0, 0;3, 0, 0;
1787312383.846758842 0, 54174, 43;1, 49540, 0;2, 0, 0;3, 0, 0;
1787312386.325848867 0, 54302, 38;1, 49540, 0;2, 0, 0;3, 0, 0;
1787312388.676223309 0, 54814, 19;1, 49540, 0;2, 0, 0;3, 0, 0;
1787312391.167548510 0, 54814, 64;1, 49540, 0;2, 0, 0;3, 0, 0;
1787312393.699021034 0, 55326, 38;1, 49540, 0;2, 0, 0;3, 0, 0;
1787312396.149547356 0, 55582, 42;1, 49540, 0;2, 0, 0;3, 0, 0;
1787312398.624418109 0, 55982, 56;1, 49540, 0;2, 0, 0;3, 0, 0;
1787312400.992242426 0, 56366, 57;1, 49540, 0;2, 0, 0;3, 0, 0;
1787312403.440231269 0, 56366, 53;1, 49540, 0;2, 0, 0;3, 0, 0;
1787312405.952964567 0, 56430, 60;1, 49540, 0;2, 0, 0;3, 0, 0;
1787312408.492384382 0, 56430, 57;1, 49540, 0;2, 0, 0;3, 0, 0;
1787312410.990415786 0, 56430, 52;1, 49540, 0;2, 0, 0;3, 0, 0;
1787312413.523093149 0, 57070, 33;1, 49540, 0;2, 0, 0;3, 0, 0;
1787312416.058042360 0, 57220, 60;1, 49540, 0;2, 0, 0;3, 0, 0;
1787312418.588766578 0, 57348, 23;1, 45250, 0;2, 0, 0;3, 0, 0;
1787312421.155355685 0, 57860, 37;1, 45250, 0;2, 0, 0;3, 0, 0;
1787312423.775610202 0, 58244, 61;1, 45250, 0;2, 0, 0;3, 0, 0;
1787312426.129580101 0, 58500, 25;1, 45250, 0;2, 0, 0;3, 0, 0;
1787312428.625655919 0, 58756, 45;1, 45250, 0;2, 0, 0;3, 0, 0;
1787312431.081202710 0, 59524, 30;1, 45250, 0;2, 0, 0;3, 0, 0;
1787312433.589401613 0, 59524, 53;1, 45250, 0;2, 0, 0;3, 0, 0;
1787312436.043163780 0, 59668, 60;1, 45250, 0;2, 0, 0;3, 0, 0;
1787312438.433641945 0, 59668, 45;1, 45250, 0;2, 0, 0;3, 0, 0;
1787312440.869365402 0, 59668, 64;1, 45250, 0;2, 0, 0;3, 0, 0;
1787312443.357963781 0, 60206, 87;1, 45250, 56;2, 0, 0;3, 0, 0;
1787312445.778781882 0, 59668, 54;1, 47622, 0;2, 0, 0;3, 0, 0;
1787312448.477894973 0, 59668, 50;1, 47736, 23;2, 0, 0;3, 0, 0;
1787312450.886820301 0, 59668, 50;1, 47736, 17;2, 0, 0;3, 0, 0;
1787312453.493475731 0, 59668, 55;1, 47736, 17;2, 0, 0;3, 0, 0;
1787312455.975627990 0, 59668, 47;1, 47736, 17;2, 0, 0;3, 0, 0;
1787312458.941201520 0, 59668, 42;1, 47736, 11;2, 0, 0;3, 0, 0;
1787312462.343733907 0, 59668, 34;1, 47624, 0;2, 0, 0;3, 0, 0;
1787312464.742838639 0, 59668, 38;1, 47624, 0;2, 0, 0;3, 0, 0;
1787312467.124426293 0, 57364, 20;1, 47624, 0;2, 0, 0;3, 0, 0;
1787312469.743611322 0, 56212, 23;1, 47624, 0;2, 0, 0;3, 0, 0;
