1787157718.399240991 0, 35672, 0;1, 35686, 3;2, 0, 0;3, 0, 0;
1787157721.154458016 0, 35768, 0;1, 35856, 16;2, 0, 0;3, 0, 0;
1787157723.460498562 0, 36108, 39;1, 36274, 10;2, 0, 0;3, 0, 0;
1787157725.780240458 0, 36132, 45;1, 36852, 38;2, 0, 0;3, 0, 0;
1787157728.066866597 0, 36268, 62;1, 36864, 52;2, 0, 0;3, 0, 0;
1787157730.375902319 0, 36352, 59;1, 37088, 43;2, 0, 0;3, 0, 0;
1787157732.676150445 0, 36832, 68;1, 37088, 64;2, 0, 0;3, 0, 0;
1787157734.966761402 0, 36960, 29;1, 37088, 46;2, 0, 0;3, 0, 0;
1787157737.266367211 0, 37088, 64;1, 37088, 70;2, 0, 0;3, 0, 0;
1787157739.555312151 0, 37126, 53;1, 37088, 54;2, 0, 0;3, 0, 0;
1787157741.880360317 0, 37126, 66;1, 37236, 71;2, 0, 0;3, 0, 0;
1787157744.172566796 0, 37126, 55;1, 37348, 48;2, 0, 0;3, 0, 0;
1787157746.480929059 0, 37272, 56;1, 37460, 69;2, 0, 0;3, 0, 0;
1787157748.767207194 0, 37416, 62;1, 37460, 64;2, 0, 0;3, 0, 0;
1787157751.014404972 0, 37416, 50;1, 37460, 53;2, 0, 0;3, 0, 0;
1787157753.298030087 0, 37416, 45;1, 37572, 40;2, 0, 0;3, 0, 0;
1787157755.690382338 0, 37418, 70;1, 37964, 58;2, 0, 0;3, 0, 0;
1787157758.413432899 0, 37418, 67;1, 38416, 66;2, 0, 0;3, 0, 0;
1787157760.798760083 0, 37418, 51;1, 38528, 47;2, 0, 0;3, 0, 0;
1787157763.079104572 0, 37418, 58;1, 38640, 38;2, 0, 0;3, 0, 0;
1787157765.369937576 0, 37550, 69;1, 38640, 59;2, 0, 0;3, 0, 0;
1787157767.656211230 0, 38012, 57;1, 38640, 40;2, 0, 0;3, 0, 0;
1787157769.942583422 0, 38284, 52;1, 38640, 41;2, 0, 0;3, 0, 0;
1787157772.241075091 0, 38332, 70;1, 38722, 63;2, 0, 0;3, 0, 0;
1787157774.526479206 0, 38332, 49;1, 38834, 66;2, 0, 0;3, 0, 0;
1787157776.811799759 0, 38332, 45;1, 38610, 38;2, 0, 0;3, 0, 0;
1787157779.097440579 0, 38332, 62;1, 38722, 59;2, 0, 0;3, 0, 0;
1787157781.391040581 0, 38332, 45;1, 38722, 59;2, 0, 0;3, 0, 0;
1787157783.682087746 0, 38332, 70;1, 38722, 67;2, 0, 0;3, 0, 0;
1787157785.969436772 0, 38332, 54;1, 38722, 51;2, 0, 0;3, 0, 0;
1787157788.245535968 0, 38332, 65;1, 38722, 65;2, 0, 0;3, 0, 0;
1787157790.537719558 0, 38332, 45;1, 38722, 80;2, 0, 0;3, 0, 0;
1787157792.826986970 0, 38332, 55;1, 38722, 56;2, 0, 0;3, 0, 0;
1787157795.166070072 0, 38332, 46;1, 38610, 52;2, 0, 0;3, 0, 0;
1787157797.481534992 0, 38332, 68;1, 38610, 65;2, 0, 0;3, 0, 0;
1787157799.805030223 0, 38332, 57;1, 38610, 45;2, 0, 0;3, 0, 0;
1787157802.111664445 0, 38332, 63;1, 38610, 59;2, 0, 0;3, 0, 0;
1787157804.410660151 0, 38332, 61;1, 38610, 43;2, 0, 0;3, 0, 0;
1787157806.706797541 0, 38332, 69;1, 38610, 66;2, 0, 0;3, 0, 0;
1787157809.041878182 0, 38332, 58;1, 38610, 50;2, 0, 0;3, 0, 0;
1787157811.368713076 0, 38332, 54;1, 38610, 69;2, 0, 0;3, 0, 0;
1787157813.716302972 0, 38406, 82;1, 38722, 66;2, 0, 0;3, 0, 0;
1787157816.048557942 0, 38406, 56;1, 38722, 41;2, 0, 0;3, 0, 0;
1787157818.375473000 0, 38406, 65;1, 38722, 62;2, 0, 0;3, 0, 0;
1787157820.658651505 0, 38534, 68;1, 38834, 60;2, 0, 0;3, 0, 0;
1787157822.942579539 0, 38534, 56;1, 38834, 77;2, 0, 0;3, 0, 0;
1787157825.289458723 0, 38534, 61;1, 38834, 38;2, 0, 0;3, 0, 0;
1787157827.634131070 0, 38534, 68;1, 38834, 46;2, 0, 0;3, 0, 0;
1787157830.008954184 0, 38534, 74;1, 38834, 88;2, 0, 0;3, 0, 0;
1787157832.377383716 0, 38534, 24;1, 38834, 68;2, 0, 0;3, 0, 0;
1787157835.168237214 0, 38662, 44;1, 38834, 74;2, 0, 0;3, 0, 0;
1787157837.464613214 0, 38662, 72;1, 38834, 43;2, 0, 0;3, 0, 0;
1787157839.750940967 0, 38662, 45;1, 38722, 77;2, 0, 0;3, 0, 0;
1787157842.056101857 0, 38662, 57;1, 38722, 43;2, 0, 0;3, 0, 0;
1787157844.359925253 0, 38662, 48;1, 38722, 76;2, 0, 0;3, 0, 0;
1787157846.643203404 0, 38662, 71;1, 38722, 42;2, 0, 0;3, 0, 0;
1787157848.955109449 0, 38662, 57;1, 38722, 57;2, 0, 0;3, 0, 0;
1787157851.295428497 0, 38662, 72;1, 38722, 66;2, 0, 0;3, 0, 0;
1787157853.577514790 0, 38662, 44;1, 38722, 67;2, 0, 0;3, 0, 0;
1787157855.889877539 0, 38662, 57;1, 38722, 84;2, 0, 0;3, 0, 0;
1787157858.206121353 0, 38662, 69;1, 38722, 61;2, 0, 0;3, 0, 0;
1787157860.556678969 0, 38662, 90;1, 38722, 60;2, 0, 0;3, 0, 0;
1787157862.891206477 0, 38662, 52;1, 38722, 57;2, 0, 0;3, 0, 0;
1787157865.204322189 0, 38662, 63;1, 38722, 62;2, 0, 0;3, 0, 0;
1787157867.538211902 0, 38662, 42;1, 38722, 56;2, 0, 0;3, 0, 0;
1787157869.846276082 0, 38662, 57;1, 38724, 37;2, 0, 0;3, 0, 0;
1787157872.139105566 0, 38662, 55;1, 38724, 65;2, 0, 0;3, 0, 0;
1787157874.440976402 0, 38662, 34;1, 38724, 37;2, 0, 0;3, 0, 0;
1787157876.740994313 0, 38662, 60;1, 38724, 75;2, 0, 0;3, 0, 0;
1787157879.041141222 0, 38662, 58;1, 38724, 72;2, 0, 0;3, 0, 0;
1787157881.409319197 0, 38662, 58;1, 38724, 41;2, 0, 0;3, 0, 0;
1787157883.788113018 0, 38662, 53;1, 38724, 40;2, 0, 0;3, 0, 0;
1787157886.128173594 0, 38662, 56;1, 38724, 71;2, 0, 0;3, 0, 0;
1787157888.485840667 0, 38726, 71;1, 38724, 51;2, 0, 0;3, 0, 0;
1787157890.851697590 0, 38726, 55;1, 38724, 82;2, 0, 0;3, 0, 0;
1787157893.228874429 0, 38726, 46;1, 38724, 38;2, 0, 0;3, 0, 0;
1787157895.569362159 0, 38726, 71;1, 38724, 74;2, 0, 0;3, 0, 0;
1787157897.902800935 0, 38726, 60;1, 38724, 61;2, 0, 0;3, 0, 0;
1787157900.218653731 0, 38726, 79;1, 38724, 68;2, 0, 0;3, 0, 0;
1787157902.517100868 0, 38726, 59;1, 38836, 36;2, 0, 0;3, 0, 0;
1787157904.794621630 0, 38972, 64;1, 38836, 60;2, 0, 0;3, 0, 0;
1787157907.089333067 0, 39134, 85;1, 38836, 65;2, 0, 0;3, 0, 0;
1787157909.462127035 0, 39134, 33;1, 38836, 49;2, 0, 0;3, 0, 0;
1787157912.150512400 0, 39134, 66;1, 38836, 59;2, 0, 0;3, 0, 0;
1787157914.496184051 0, 39134, 72;1, 38836, 61;2, 0, 0;3, 0, 0;
1787157916.806966506 0, 39206, 39;1, 38836, 59;2, 0, 0;3, 0, 0;
1787157919.133743594 0, 39278, 69;1, 38928, 50;2, 0, 0;3, 0, 0;
1787157921.471165207 0, 39278, 60;1, 38928, 64;2, 0, 0;3, 0, 0;
1787157923.764275128 0, 39278, 45;1, 38928, 45;2, 0, 0;3, 0, 0;
1787157926.057588048 0, 39278, 59;1, 38928, 73;2, 0, 0;3, 0, 0;
1787157928.336853944 0, 39406, 75;1, 38928, 63;2, 0, 0;3, 0, 0;
1787157930.688678602 0, 39406, 66;1, 38928, 48;2, 0, 0;3, 0, 0;
1787157933.004122061 0, 39406, 71;1, 38928, 76;2, 0, 0;3, 0, 0;
1787157935.296587792 0, 39406, 46;1, 38928, 39;2, 0, 0;3, 0, 0;
1787157937.627436242 0, 39406, 61;1, 39030, 43;2, 0, 0;3, 0, 0;
1787157939.965577411 0, 39406, 69;1, 39030, 82;2, 0, 0;3, 0, 0;
1787157942.305748332 0, 39406, 47;1, 39030, 65;2, 0, 0;3, 0, 0;
1787157944.602180662 0, 39406, 50;1, 39030, 76;2, 0, 0;3, 0, 0;
1787157946.899081371 0, 39406, 58;1, 39030, 47;2, 0, 0;3, 0, 0;
1787157949.189316018 0, 39278, 91;1, 39030, 76;2, 0, 0;3, 0, 0;
1787157951.475693838 0, 39278, 44;1, 39030, 51;2, 0, 0;3, 0, 0;
1787157953.763212117 0, 39278, 72;1, 39030, 49;2, 0, 0;3, 0, 0;
1787157956.049516973 0, 39278, 62;1, 39030, 52;2, 0, 0;3, 0, 0;
1787157958.328868276 0, 39278, 56;1, 39030, 54;2, 0, 0;3, 0, 0;
1787157960.616202051 0, 39278, 48;1, 39030, 65;2, 0, 0;3, 0, 0;
1787157962.904047284 0, 39278, 54;1, 39030, 100;2, 0, 0;3, 0, 0;
1787157965.188385350 0, 39278, 87;1, 39030, 100;2, 0, 0;3, 0, 0;
1787157967.470610441 0, 39278, 100;1, 39030, 58;2, 0, 0;3, 0, 0;
1787157969.763542787 0, 39278, 100;1, 39030, 59;2, 0, 0;3, 0, 0;
1787157972.066241887 0, 39278, 51;1, 39030, 59;2, 0, 0;3, 0, 0;
1787157974.365333940 0, 39278, 95;1, 39030, 43;2, 0, 0;3, 0, 0;
1787157976.667532365 0, 39278, 57;1, 39030, 58;2, 0, 0;3, 0, 0;
1787157978.959092603 0, 39406, 88;1, 39030, 44;2, 0, 0;3, 0, 0;
1787157981.237361038 0, 39406, 60;1, 39030, 73;2, 0, 0;3, 0, 0;
1787157983.532737678 0, 39406, 45;1, 39030, 49;2, 0, 0;3, 0, 0;
1787157985.831546482 0, 39406, 48;1, 39030, 55;2, 0, 0;3, 0, 0;
1787157988.339960470 0, 39406, 77;1, 39030, 80;2, 0, 0;3, 0, 0;
1787157991.207870894 0, 39406, 52;1, 39030, 70;2, 0, 0;3, 0, 0;
1787157993.632168738 0, 39406, 46;1, 39030, 52;2, 0, 0;3, 0, 0;
1787157995.909355791 0, 39406, 59;1, 39030, 84;2, 0, 0;3, 0, 0;
1787157998.196632539 0, 39406, 64;1, 39030, 73;2, 0, 0;3, 0, 0;
1787158000.508459793 0, 39406, 37;1, 39030, 69;2, 0, 0;3, 0, 0;
1787158002.810417700 0, 39406, 48;1, 39030, 50;2, 0, 0;3, 0, 0;
1787158005.110675243 0, 39406, 61;1, 39030, 59;2, 0, 0;3, 0, 0;
1787158007.411492755 0, 39406, 61;1, 39030, 39;2, 0, 0;3, 0, 0;
1787158009.691071133 0, 39406, 69;1, 39030, 68;2, 0, 0;3, 0, 0;
1787158011.986915425 0, 39406, 74;1, 39030, 43;2, 0, 0;3, 0, 0;
1787158014.271869908 0, 39150, 57;1, 39030, 65;2, 0, 0;3, 0, 0;
1787158016.579168584 0, 39150, 60;1, 39030, 38;2, 0, 0;3, 0, 0;
1787158018.872643997 0, 39150, 77;1, 39030, 48;2, 0, 0;3, 0, 0;
1787158021.211993320 0, 39022, 37;1, 39030, 40;2, 0, 0;3, 0, 0;
1787158023.501905525 0, 39022, 70;1, 38918, 67;2, 0, 0;3, 0, 0;
1787158025.798035928 0, 39022, 56;1, 38918, 96;2, 0, 0;3, 0, 0;
1787158028.095876312 0, 39022, 66;1, 38694, 67;2, 0, 0;3, 0, 0;
1787158030.386839584 0, 39022, 61;1, 38694, 65;2, 0, 0;3, 0, 0;
1787158032.660779978 0, 39022, 55;1, 38694, 52;2, 0, 0;3, 0, 0;
1787158034.930228134 0, 39022, 75;1, 38694, 59;2, 0, 0;3, 0, 0;
1787158037.231245207 0, 39022, 56;1, 38694, 66;2, 0, 0;3, 0, 0;
1787158039.524044786 0, 39022, 73;1, 38694, 51;2, 0, 0;3, 0, 0;
1787158041.853357410 0, 39022, 64;1, 38694, 59;2, 0, 0;3, 0, 0;
1787158044.174207339 0, 39022, 77;1, 38694, 42;2, 0, 0;3, 0, 0;
1787158046.465127981 0, 39150, 65;1, 38694, 49;2, 0, 0;3, 0, 0;
1787158048.774354090 0, 39278, 69;1, 38694, 52;2, 0, 0;3, 0, 0;
1787158051.101549334 0, 39406, 80;1, 38694, 59;2, 0, 0;3, 0, 0;
1787158053.406929004 0, 39406, 76;1, 38694, 65;2, 0, 0;3, 0, 0;
1787158055.753321675 0, 39406, 53;1, 38694, 65;2, 0, 0;3, 0, 0;
1787158058.030794610 0, 39406, 43;1, 38694, 65;2, 0, 0;3, 0, 0;
1787158060.293086489 0, 39406, 72;1, 38694, 56;2, 0, 0;3, 0, 0;
1787158062.578857823 0, 39406, 79;1, 38694, 39;2, 0, 0;3, 0, 0;
1787158065.181229271 0, 39406, 60;1, 38694, 45;2, 0, 0;3, 0, 0;
1787158067.872684033 0, 39406, 74;1, 38694, 63;2, 0, 0;3, 0, 0;
1787158070.527703688 0, 39406, 73;1, 38694, 48;2, 0, 0;3, 0, 0;
1787158072.936258534 0, 39406, 50;1, 38694, 43;2, 0, 0;3, 0, 0;
1787158075.234523340 0, 39406, 73;1, 38694, 43;2, 0, 0;3, 0, 0;
1787158077.575706310 0, 39406, 68;1, 38694, 62;2, 0, 0;3, 0, 0;
1787158079.871827209 0, 39406, 38;1, 38694, 53;2, 0, 0;3, 0, 0;
1787158082.170369831 0, 39406, 70;1, 38894, 64;2, 0, 0;3, 0, 0;
1787158084.469672843 0, 39406, 39;1, 38894, 62;2, 0, 0;3, 0, 0;
1787158086.803664147 0, 39406, 78;1, 38894, 63;2, 0, 0;3, 0, 0;
1787158089.136916198 0, 39406, 46;1, 38894, 63;2, 0, 0;3, 0, 0;
1787158091.469898217 0, 39406, 66;1, 38894, 79;2, 0, 0;3, 0, 0;
1787158093.771193437 0, 39406, 58;1, 38894, 50;2, 0, 0;3, 0, 0;
1787158096.041774139 0, 39406, 100;1, 38894, 94;2, 0, 0;3, 0, 0;
1787158098.339224930 0, 39534, 51;1, 38894, 66;2, 0, 0;3, 0, 0;
1787158100.633626395 0, 39534, 84;1, 38894, 100;2, 0, 0;3, 0, 0;
1787158102.930765133 0, 39534, 61;1, 38894, 59;2, 0, 0;3, 0, 0;
1787158105.220023688 0, 39534, 48;1, 38894, 99;2, 0, 0;3, 0, 0;
1787158107.505535976 0, 39534, 65;1, 38894, 50;2, 0, 0;3, 0, 0;
1787158109.808608499 0, 39534, 48;1, 38894, 51;2, 0, 0;3, 0, 0;
1787158112.103375359 0, 39534, 100;1, 38894, 49;2, 0, 0;3, 0, 0;
1787158114.399028708 0, 39662, 99;1, 38894, 100;2, 0, 0;3, 0, 0;
1787158116.681754277 0, 39918, 99;1, 38894, 46;2, 0, 0;3, 0, 0;
1787158118.986670438 0, 40174, 91;1, 38894, 44;2, 0, 0;3, 0, 0;
1787158121.273168530 0, 40302, 44;1, 38894, 46;2, 0, 0;3, 0, 0;
1787158123.560894533 0, 40302, 52;1, 38894, 40;2, 0, 0;3, 0, 0;
1787158125.856862387 0, 40302, 41;1, 38894, 65;2, 0, 0;3, 0, 0;
1787158128.163950666 0, 40302, 55;1, 38894, 54;2, 0, 0;3, 0, 0;
1787158130.469781583 0, 40302, 46;1, 38894, 55;2, 0, 0;3, 0, 0;
1787158132.775737938 0, 40302, 68;1, 38894, 65;2, 0, 0;3, 0, 0;
1787158135.073971451 0, 40302, 43;1, 38894, 40;2, 0, 0;3, 0, 0;
1787158137.379628693 0, 40302, 76;1, 39006, 62;2, 0, 0;3, 0, 0;
1787158139.672521585 0, 40302, 34;1, 39118, 50;2, 0, 0;3, 0, 0;
1787158142.023074793 0, 40212, 32;1, 39118, 56;2, 0, 0;3, 0, 0;
1787158144.747366596 0, 40046, 44;1, 39118, 49;2, 0, 0;3, 0, 0;
1787158147.142715539 0, 40046, 70;1, 39118, 67;2, 0, 0;3, 0, 0;
1787158149.504376350 0, 39790, 55;1, 38964, 66;2, 0, 0;3, 0, 0;
1787158151.839693900 0, 39662, 16;1, 38894, 42;2, 0, 0;3, 0, 0;
1787158154.173986907 0, 39662, 60;1, 38894, 23;2, 0, 0;3, 0, 0;
1787158156.458999908 0, 39266, 7;1, 38334, 0;2, 0, 0;3, 0, 0;
