1787299638.699783812 0, 33468, 0;1, 33482, 0;2, 0, 0;3, 0, 0;
1787299641.041367496 0, 33576, 0;1, 33918, 0;2, 0, 0;3, 0, 0;
1787299643.366705920 0, 33158, 20;1, 37062, 13;2, 0, 0;3, 0, 0;
1787299645.636385979 0, 33158, 47;1, 37296, 46;2, 0, 0;3, 0, 0;
1787299647.980447688 0, 33158, 23;1, 37298, 39;2, 0, 0;3, 0, 0;
1787299650.342701083 0, 33346, 24;1, 37670, 58;2, 0, 0;3, 0, 0;
1787299652.766711825 0, 33346, 22;1, 37934, 37;2, 0, 0;3, 0, 0;
1787299655.122861977 0, 33346, 24;1, 38046, 39;2, 0, 0;3, 0, 0;
1787299657.459624790 0, 33346, 15;1, 38046, 40;2, 0, 0;3, 0, 0;
1787299659.783222031 0, 33346, 23;1, 38094, 48;2, 0, 0;3, 0, 0;
1787299662.175166968 0, 33538, 24;1, 38206, 48;2, 0, 0;3, 0, 0;
1787299664.520793824 0, 33538, 18;1, 38318, 51;2, 0, 0;3, 0, 0;
1787299666.835636130 0, 33790, 0;1, 38318, 41;2, 0, 0;3, 0, 0;
1787299669.213017090 0, 33884, 30;1, 38542, 45;2, 0, 0;3, 0, 0;
1787299671.508363281 0, 33884, 18;1, 38676, 31;2, 0, 0;3, 0, 0;
1787299673.856299325 0, 40614, 18;1, 37490, 24;2, 0, 0;3, 0, 0;
1787299676.272731150 0, 40976, 12;1, 37907, 22;2, 0, 0;3, 0, 0;
1787299678.839415613 0, 42200, 71;1, 37987, 24;2, 0, 0;3, 0, 0;
1787299681.202779260 0, 42224, 47;1, 38203, 28;2, 0, 0;3, 0, 0;
1787299683.600967086 0, 42448, 22;1, 38205, 41;2, 0, 0;3, 0, 0;
1787299686.564991411 0, 43536, 51;1, 38207, 41;2, 0, 0;3, 0, 0;
1787299689.439242874 0, 43536, 52;1, 38271, 33;2, 0, 0;3, 0, 0;
1787299691.962015145 0, 43792, 40;1, 38335, 37;2, 0, 0;3, 0, 0;
1787299694.381070122 0, 44048, 54;1, 38335, 41;2, 0, 0;3, 0, 0;
1787299696.690054021 0, 44616, 37;1, 38335, 21;2, 0, 0;3, 0, 0;
1787299699.047078749 0, 45000, 39;1, 38335, 20;2, 0, 0;3, 0, 0;
1787299701.444896134 0, 45258, 44;1, 38223, 17;2, 0, 0;3, 0, 0;
1787299703.765968342 0, 44130, 12;1, 42845, 17;2, 0, 0;3, 0, 0;
1787299706.210871417 0, 44940, 37;1, 44537, 5;2, 0, 0;3, 0, 0;
1787299708.579765810 0, 45357, 32;1, 45583, 8;2, 0, 0;3, 0, 0;
1787299710.999392990 0, 45357, 29;1, 46731, 31;2, 0, 0;3, 0, 0;
1787299713.388365718 0, 45357, 28;1, 46783, 41;2, 0, 0;3, 0, 0;
1787299715.835114788 0, 45357, 43;1, 46783, 25;2, 0, 0;3, 0, 0;
1787299718.223469902 0, 45613, 44;1, 46783, 28;2, 0, 0;3, 0, 0;
1787299720.619095548 0, 45741, 40;1, 46783, 38;2, 0, 0;3, 0, 0;
1787299722.982923961 0, 45741, 32;1, 46783, 17;2, 0, 0;3, 0, 0;
1787299725.431582825 0, 45741, 43;1, 46783, 35;2, 0, 0;3, 0, 0;
1787299727.755096729 0, 45741, 47;1, 46783, 34;2, 0, 0;3, 0, 0;
1787299730.150988396 0, 45677, 45;1, 46659, 18;2, 0, 0;3, 0, 0;
1787299732.539685544 0, 45357, 26;1, 45697, 6;2, 0, 0;3, 0, 0;
1787299735.028838540 0, 45357, 35;1, 45697, 27;2, 0, 0;3, 0, 0;
1787299737.456059778 0, 42535, 47;1, 52085, 34;2, 0, 0;3, 0, 0;
1787299739.903635357 0, 42952, 18;1, 52801, 34;2, 0, 0;3, 0, 0;
1787299742.262618319 0, 42952, 21;1, 52979, 41;2, 0, 0;3, 0, 0;
1787299744.947951513 0, 42952, 30;1, 52737, 26;2, 0, 0;3, 0, 0;
1787299747.351866906 0, 42952, 15;1, 53279, 27;2, 0, 0;3, 0, 0;
1787299749.716299507 0, 42952, 20;1, 53279, 52;2, 0, 0;3, 0, 0;
1787299752.117764194 0, 42568, 31;1, 53279, 42;2, 0, 0;3, 0, 0;
1787299754.432495942 0, 42440, 20;1, 53355, 43;2, 0, 0;3, 0, 0;
1787299756.876408953 0, 57072, 0;1, 53579, 18;2, 0, 0;3, 0, 0;
1787299759.216066235 0, 58060, 52;1, 54251, 51;2, 0, 0;3, 0, 0;
1787299762.143290952 0, 57804, 50;1, 54699, 19;2, 0, 0;3, 0, 0;
1787299765.385281612 0, 57804, 47;1, 55345, 32;2, 0, 0;3, 0, 0;
1787299768.287006463 0, 59424, 30;1, 54347, 8;2, 0, 0;3, 0, 0;
1787299770.861610422 0, 60078, 31;1, 54347, 16;2, 0, 0;3, 0, 0;
1787299773.163682146 0, 59822, 52;1, 54683, 18;2, 0, 0;3, 0, 0;
1787299775.578652026 0, 59806, 43;1, 54683, 16;2, 0, 0;3, 0, 0;
1787299777.989233502 0, 59918, 18;1, 54833, 16;2, 0, 0;3, 0, 0;
1787299780.497951694 0, 59918, 50;1, 54833, 14;2, 0, 0;3, 0, 0;
1787299782.845647469 0, 59918, 47;1, 54721, 7;2, 0, 0;3, 0, 0;
1787299785.229535528 0, 59920, 35;1, 54721, 6;2, 0, 0;3, 0, 0;
1787299787.701263477 0, 59920, 26;1, 54721, 12;2, 0, 0;3, 0, 0;
1787299790.215927584 0, 59920, 44;1, 54281, 15;2, 0, 0;3, 0, 0;
1787299792.748370548 0, 59920, 36;1, 52403, 14;2, 0, 0;3, 0, 0;
1787299795.320307218 0, 59920, 38;1, 52403, 15;2, 0, 0;3, 0, 0;
1787299797.791447491 0, 66668, 54;1, 44147, 20;2, 0, 0;3, 0, 0;
1787299800.180223183 0, 67626, 43;1, 44147, 8;2, 0, 0;3, 0, 0;
1787299802.612375595 0, 67626, 27;1, 44147, 8;2, 0, 0;3, 0, 0;
1787299805.053969201 0, 67456, 41;1, 43811, 17;2, 0, 0;3, 0, 0;
1787299807.605962766 0, 59038, 51;1, 43811, 17;2, 0, 0;3, 0, 0;
1787299809.988660212 0, 58910, 49;1, 43811, 9;2, 0, 0;3, 0, 0;
1787299812.580410079 0, 58910, 34;1, 45241, 13;2, 0, 0;3, 0, 0;
1787299815.015723269 0, 58910, 20;1, 46017, 7;2, 0, 0;3, 0, 0;
1787299817.582458286 0, 58910, 40;1, 45905, 24;2, 0, 0;3, 0, 0;
1787299820.118358568 0, 59134, 12;1, 45597, 12;2, 0, 0;3, 0, 0;
1787299822.587056252 0, 59246, 50;1, 44897, 45;2, 0, 0;3, 0, 0;
1787299825.007410010 0, 59358, 63;1, 44897, 17;2, 0, 0;3, 0, 0;
1787299827.378339432 0, 59470, 58;1, 44897, 25;2, 0, 0;3, 0, 0;
1787299829.705908347 0, 59582, 43;1, 44897, 24;2, 0, 0;3, 0, 0;
1787299832.059807892 0, 59694, 18;1, 44897, 13;2, 0, 0;3, 0, 0;
1787299834.390896104 0, 59844, 55;1, 44897, 14;2, 0, 0;3, 0, 0;
1787299836.956025357 0, 60196, 58;1, 44785, 19;2, 0, 0;3, 0, 0;
1787299839.762901706 0, 59248, 25;1, 54939, 18;2, 0, 0;3, 0, 0;
1787299842.774092944 0, 60206, 21;1, 60101, 27;2, 0, 0;3, 0, 0;
1787299845.123561206 0, 59986, 67;1, 61227, 29;2, 0, 0;3, 0, 0;
1787299847.473692525 0, 60098, 23;1, 62275, 50;2, 0, 0;3, 0, 0;
1787299849.818786312 0, 60098, 41;1, 61615, 18;2, 0, 0;3, 0, 0;
1787299852.142369081 0, 60098, 41;1, 61743, 51;2, 0, 0;3, 0, 0;
1787299854.609226861 0, 60098, 21;1, 61743, 23;2, 0, 0;3, 0, 0;
1787299856.944375688 0, 60098, 19;1, 61855, 40;2, 0, 0;3, 0, 0;
1787299859.259832818 0, 60098, 13;1, 61855, 43;2, 0, 0;3, 0, 0;
1787299861.710041546 0, 60098, 24;1, 61857, 54;2, 0, 0;3, 0, 0;
1787299864.041687953 0, 60100, 25;1, 61857, 42;2, 0, 0;3, 0, 0;
1787299866.399049370 0, 59540, 43;1, 61857, 54;2, 0, 0;3, 0, 0;
1787299868.819547529 0, 59540, 30;1, 59957, 32;2, 0, 0;3, 0, 0;
1787299871.188098121 0, 66612, 19;1, 59984, 35;2, 0, 0;3, 0, 0;
1787299874.213259102 0, 67022, 47;1, 60374, 40;2, 0, 0;3, 0, 0;
1787299877.108501502 0, 66994, 36;1, 60374, 20;2, 0, 0;3, 0, 0;
1787299879.830395204 0, 66994, 37;1, 60546, 39;2, 0, 0;3, 0, 0;
1787299882.326489903 0, 66994, 38;1, 60546, 25;2, 0, 0;3, 0, 0;
1787299884.761737225 0, 67106, 38;1, 60290, 31;2, 0, 0;3, 0, 0;
1787299887.191035068 0, 67106, 40;1, 60290, 42;2, 0, 0;3, 0, 0;
1787299889.545198280 0, 67106, 41;1, 60290, 34;2, 0, 0;3, 0, 0;
1787299891.872757979 0, 67106, 35;1, 60290, 35;2, 0, 0;3, 0, 0;
1787299894.329105164 0, 67106, 32;1, 60162, 26;2, 0, 0;3, 0, 0;
1787299896.707490027 0, 67218, 22;1, 60162, 31;2, 0, 0;3, 0, 0;
1787299899.144162905 0, 66020, 24;1, 60162, 25;2, 0, 0;3, 0, 0;
1787299901.551952243 0, 66292, 18;1, 66610, 38;2, 0, 0;3, 0, 0;
1787299903.902057323 0, 66292, 18;1, 67092, 27;2, 0, 0;3, 0, 0;
1787299906.322851759 0, 68656, 43;1, 69010, 33;2, 0, 0;3, 0, 0;
1787299908.790887017 0, 68658, 32;1, 69196, 40;2, 0, 0;3, 0, 0;
1787299911.167636304 0, 68660, 46;1, 69196, 43;2, 0, 0;3, 0, 0;
1787299913.639002126 0, 68436, 32;1, 69196, 33;2, 0, 0;3, 0, 0;
1787299916.136563953 0, 68436, 56;1, 69248, 36;2, 0, 0;3, 0, 0;
1787299919.119388832 0, 68436, 34;1, 69868, 21;2, 0, 0;3, 0, 0;
1787299921.802547182 0, 68324, 38;1, 69980, 38;2, 0, 0;3, 0, 0;
1787299924.223243146 0, 68212, 11;1, 70204, 35;2, 0, 0;3, 0, 0;
1787299926.730283564 0, 68212, 42;1, 70204, 43;2, 0, 0;3, 0, 0;
1787299929.190427080 0, 68212, 30;1, 70428, 41;2, 0, 0;3, 0, 0;
1787299931.631180709 0, 70826, 19;1, 69336, 14;2, 0, 0;3, 0, 0;
1787299934.134593955 0, 71960, 11;1, 69664, 6;2, 0, 0;3, 0, 0;
1787299937.092685235 0, 72526, 22;1, 70064, 49;2, 0, 0;3, 0, 0;
1787299939.387902320 0, 72526, 43;1, 70064, 30;2, 0, 0;3, 0, 0;
1787299941.714656543 0, 72526, 46;1, 70064, 28;2, 0, 0;3, 0, 0;
1787299944.015568324 0, 72526, 31;1, 69294, 53;2, 0, 0;3, 0, 0;
1787299946.541481644 0, 72526, 19;1, 69182, 35;2, 0, 0;3, 0, 0;
1787299948.861162129 0, 72526, 27;1, 69182, 38;2, 0, 0;3, 0, 0;
1787299951.649320250 0, 72636, 42;1, 69070, 63;2, 0, 0;3, 0, 0;
1787299954.100822825 0, 72636, 35;1, 68734, 24;2, 0, 0;3, 0, 0;
1787299956.691425980 0, 72636, 46;1, 68398, 37;2, 0, 0;3, 0, 0;
1787299959.057528105 0, 72636, 23;1, 68174, 39;2, 0, 0;3, 0, 0;
1787299961.641940831 0, 72636, 45;1, 68174, 39;2, 0, 0;3, 0, 0;
1787299964.306959597 0, 72636, 33;1, 68174, 17;2, 0, 0;3, 0, 0;
1787299966.891613256 0, 72636, 24;1, 67950, 40;2, 0, 0;3, 0, 0;
1787299969.418125556 0, 72636, 40;1, 67950, 23;2, 0, 0;3, 0, 0;
1787299971.874731008 0, 72636, 34;1, 67950, 35;2, 0, 0;3, 0, 0;
1787299974.391946187 0, 72636, 40;1, 67950, 36;2, 0, 0;3, 0, 0;
1787299976.767313903 0, 72636, 57;1, 68062, 22;2, 0, 0;3, 0, 0;
1787299979.191265455 0, 72636, 36;1, 68286, 40;2, 0, 0;3, 0, 0;
1787299981.531768886 0, 72636, 33;1, 68286, 27;2, 0, 0;3, 0, 0;
1787299983.998626544 0, 72750, 32;1, 68670, 13;2, 0, 0;3, 0, 0;
1787299986.478287630 0, 73262, 42;1, 69182, 40;2, 0, 0;3, 0, 0;
1787299988.902475441 0, 73262, 55;1, 69182, 47;2, 0, 0;3, 0, 0;
1787299991.311438688 0, 73262, 63;1, 69182, 25;2, 0, 0;3, 0, 0;
1787299994.146315696 0, 73302, 52;1, 69308, 0;2, 0, 0;3, 0, 0;
1787299997.545960779 0, 73214, 38;1, 67806, 24;2, 0, 0;3, 0, 0;
1787300000.070469468 0, 73214, 40;1, 67806, 27;2, 0, 0;3, 0, 0;
1787300002.637772518 0, 73214, 25;1, 68190, 11;2, 0, 0;3, 0, 0;
1787300005.291075729 0, 73214, 29;1, 68190, 30;2, 0, 0;3, 0, 0;
1787300007.906554215 0, 73214, 37;1, 68190, 25;2, 0, 0;3, 0, 0;
1787300010.419549537 0, 73214, 35;1, 68190, 19;2, 0, 0;3, 0, 0;
1787300013.042556514 0, 73214, 31;1, 68190, 23;2, 0, 0;3, 0, 0;
1787300015.664585454 0, 73214, 23;1, 68190, 14;2, 0, 0;3, 0, 0;
1787300018.301217094 0, 73278, 30;1, 68190, 22;2, 0, 0;3, 0, 0;
1787300020.873569718 0, 73278, 28;1, 68190, 25;2, 0, 0;3, 0, 0;
1787300023.407264170 0, 73278, 36;1, 67934, 32;2, 0, 0;3, 0, 0;
1787300025.888354644 0, 73278, 31;1, 67934, 28;2, 0, 0;3, 0, 0;
1787300028.243214580 0, 73364, 32;1, 67934, 36;2, 0, 0;3, 0, 0;
1787300030.618522772 0, 69298, 25;1, 67934, 27;2, 0, 0;3, 0, 0;
1787300033.003395647 0, 69298, 40;1, 67934, 41;2, 0, 0;3, 0, 0;
1787300035.346580868 0, 69440, 22;1, 57504, 17;2, 0, 0;3, 0, 0;
1787300037.709408649 0, 69440, 47;1, 45834, 14;2, 0, 0;3, 0, 0;
1787300040.049001200 0, 69440, 42;1, 45706, 0;2, 0, 0;3, 0, 0;
1787300042.401742559 0, 69442, 43;1, 45706, 20;2, 0, 0;3, 0, 0;
1787300044.692819225 0, 69442, 35;1, 45706, 39;2, 0, 0;3, 0, 0;
1787300047.029400359 0, 69442, 34;1, 45706, 28;2, 0, 0;3, 0, 0;
1787300049.310093070 0, 69442, 33;1, 45706, 29;2, 0, 0;3, 0, 0;
1787300051.656069703 0, 69442, 35;1, 45706, 25;2, 0, 0;3, 0, 0;
1787300054.138383025 0, 69442, 26;1, 60330, 36;2, 0, 0;3, 0, 0;
1787300056.521809360 0, 69442, 36;1, 61716, 37;2, 0, 0;3, 0, 0;
1787300058.830054068 0, 69442, 42;1, 61940, 48;2, 0, 0;3, 0, 0;
1787300061.138139714 0, 69442, 29;1, 61812, 41;2, 0, 0;3, 0, 0;
1787300063.593383843 0, 69442, 35;1, 61812, 36;2, 0, 0;3, 0, 0;
1787300065.995132984 0, 69442, 28;1, 61546, 56;2, 0, 0;3, 0, 0;
1787300068.403202976 0, 69442, 11;1, 61318, 24;2, 0, 0;3, 0, 0;
1787300071.045548112 0, 69442, 0;1, 60660, 40;2, 0, 0;3, 0, 0;
1787300074.610729146 0, 69442, 0;1, 60660, 30;2, 0, 0;3, 0, 0;
1787300077.550224453 0, 69442, 0;1, 60660, 24;2, 0, 0;3, 0, 0;
