1787148073.920163512 0, 35432, 0;1, 35446, 0;2, 0, 0;3, 0, 0;
1787148076.884824519 0, 35926, 31;1, 35900, 8;2, 0, 0;3, 0, 0;
1787148079.719141503 0, 35926, 36;1, 36026, 49;2, 0, 0;3, 0, 0;
1787148082.238910772 0, 35926, 22;1, 36158, 66;2, 0, 0;3, 0, 0;
1787148084.584093222 0, 36114, 27;1, 36442, 35;2, 0, 0;3, 0, 0;
1787148087.072218613 0, 36114, 41;1, 36668, 45;2, 0, 0;3, 0, 0;
1787148089.542360697 0, 36114, 27;1, 36906, 39;2, 0, 0;3, 0, 0;
1787148092.120507170 0, 36114, 25;1, 36906, 58;2, 0, 0;3, 0, 0;
1787148094.468490022 0, 36114, 26;1, 37020, 63;2, 0, 0;3, 0, 0;
1787148096.874656340 0, 36434, 20;1, 37244, 71;2, 0, 0;3, 0, 0;
1787148099.329699899 0, 36434, 32;1, 37244, 73;2, 0, 0;3, 0, 0;
1787148101.852047497 0, 36550, 26;1, 37356, 67;2, 0, 0;3, 0, 0;
1787148104.304202941 0, 36652, 28;1, 37468, 63;2, 0, 0;3, 0, 0;
1787148106.758728348 0, 36652, 20;1, 37580, 71;2, 0, 0;3, 0, 0;
1787148109.242363197 0, 36652, 31;1, 37580, 48;2, 0, 0;3, 0, 0;
1787148111.661569331 0, 36652, 33;1, 37670, 70;2, 0, 0;3, 0, 0;
1787148114.138423009 0, 36688, 25;1, 37750, 35;2, 0, 0;3, 0, 0;
1787148116.462702382 0, 36744, 37;1, 37750, 35;2, 0, 0;3, 0, 0;
1787148118.854413253 0, 36968, 45;1, 37750, 34;2, 0, 0;3, 0, 0;
1787148121.302557708 0, 37546, 16;1, 37752, 32;2, 0, 0;3, 0, 0;
1787148123.729642970 0, 37912, 27;1, 37752, 30;2, 0, 0;3, 0, 0;
1787148126.194081337 0, 38166, 52;1, 37752, 61;2, 0, 0;3, 0, 0;
1787148128.646921317 0, 38552, 62;1, 37752, 44;2, 0, 0;3, 0, 0;
1787148131.131465032 0, 38838, 37;1, 37752, 32;2, 0, 0;3, 0, 0;
1787148133.625009700 0, 39666, 33;1, 37752, 36;2, 0, 0;3, 0, 0;
1787148136.118055077 0, 40350, 50;1, 37578, 24;2, 0, 0;3, 0, 0;
1787148138.596214822 0, 40350, 67;1, 37528, 11;2, 0, 0;3, 0, 0;
1787148141.082925158 0, 40734, 21;1, 37416, 0;2, 0, 0;3, 0, 0;
1787148143.643436613 0, 41376, 83;1, 37416, 0;2, 0, 0;3, 0, 0;
1787148146.131923741 0, 41632, 84;1, 37416, 0;2, 0, 0;3, 0, 0;
1787148148.542170523 0, 41684, 54;1, 45768, 0;2, 0, 0;3, 0, 0;
1787148151.052675373 0, 41684, 59;1, 46054, 41;2, 0, 0;3, 0, 0;
1787148153.656888689 0, 41860, 32;1, 46058, 40;2, 0, 0;3, 0, 0;
1787148156.614935685 0, 42196, 56;1, 46202, 78;2, 0, 0;3, 0, 0;
1787148159.180512473 0, 43030, 59;1, 46202, 61;2, 0, 0;3, 0, 0;
1787148161.662360498 0, 43120, 58;1, 46272, 35;2, 0, 0;3, 0, 0;
1787148164.257430619 0, 34542, 37;1, 36988, 37;2, 0, 0;3, 0, 0;
1787148166.745801352 0, 34542, 58;1, 29782, 23;2, 0, 0;3, 0, 0;
1787148169.238619642 0, 34598, 46;1, 29864, 36;2, 0, 0;3, 0, 0;
1787148171.738073741 0, 34598, 57;1, 29864, 73;2, 0, 0;3, 0, 0;
1787148174.221307855 0, 34598, 49;1, 29864, 43;2, 0, 0;3, 0, 0;
1787148176.763028485 0, 34726, 54;1, 29864, 60;2, 0, 0;3, 0, 0;
1787148179.237474115 0, 34726, 41;1, 29864, 54;2, 0, 0;3, 0, 0;
1787148181.612641910 0, 34726, 50;1, 29950, 67;2, 0, 0;3, 0, 0;
1787148184.151477084 0, 34726, 77;1, 29950, 44;2, 0, 0;3, 0, 0;
1787148186.713564121 0, 34726, 61;1, 29950, 53;2, 0, 0;3, 0, 0;
1787148189.194733469 0, 34726, 71;1, 29950, 44;2, 0, 0;3, 0, 0;
1787148191.687701365 0, 34808, 49;1, 30032, 17;2, 0, 0;3, 0, 0;
1787148194.263645641 0, 34960, 46;1, 45358, 61;2, 0, 0;3, 0, 0;
1787148196.742894095 0, 34296, 61;1, 47732, 64;2, 0, 0;3, 0, 0;
1787148199.259765004 0, 33656, 37;1, 48180, 62;2, 0, 0;3, 0, 0;
1787148201.846708035 0, 32760, 30;1, 48770, 41;2, 0, 0;3, 0, 0;
1787148204.453148233 0, 31736, 24;1, 49616, 51;2, 0, 0;3, 0, 0;
1787148206.989894740 0, 29944, 35;1, 49728, 49;2, 0, 0;3, 0, 0;
1787148209.454632190 0, 29944, 19;1, 49840, 17;2, 0, 0;3, 0, 0;
1787148211.887816124 0, 29944, 20;1, 49840, 33;2, 0, 0;3, 0, 0;
1787148214.216448964 0, 29702, 7;1, 50766, 35;2, 0, 0;3, 0, 0;
1787148216.686793951 0, 29688, 38;1, 50878, 66;2, 0, 0;3, 0, 0;
1787148219.118317221 0, 29560, 19;1, 50880, 58;2, 0, 0;3, 0, 0;
1787148221.623810649 0, 29560, 28;1, 51218, 40;2, 0, 0;3, 0, 0;
1787148224.119409032 0, 29560, 28;1, 51334, 53;2, 0, 0;3, 0, 0;
1787148226.581703755 0, 29560, 41;1, 45782, 50;2, 0, 0;3, 0, 0;
1787148229.132391198 0, 29560, 20;1, 46342, 36;2, 0, 0;3, 0, 0;
1787148231.930447472 0, 29560, 27;1, 46342, 55;2, 0, 0;3, 0, 0;
1787148234.913684976 0, 29560, 32;1, 46342, 61;2, 0, 0;3, 0, 0;
1787148237.396880118 0, 29560, 25;1, 46454, 40;2, 0, 0;3, 0, 0;
1787148239.947493998 0, 29560, 30;1, 46454, 57;2, 0, 0;3, 0, 0;
1787148242.445555451 0, 29560, 26;1, 46454, 34;2, 0, 0;3, 0, 0;
1787148244.935461802 0, 29222, 19;1, 46098, 35;2, 0, 0;3, 0, 0;
1787148247.403245810 0, 25260, 25;1, 37464, 51;2, 0, 0;3, 0, 0;
1787148249.850441477 0, 28660, 26;1, 37464, 55;2, 0, 0;3, 0, 0;
1787148252.236057214 0, 30556, 33;1, 37128, 45;2, 0, 0;3, 0, 0;
1787148254.705525883 0, 30558, 71;1, 36680, 14;2, 0, 0;3, 0, 0;
1787148257.170037815 0, 30558, 32;1, 36008, 50;2, 0, 0;3, 0, 0;
1787148259.587598907 0, 30558, 47;1, 35224, 63;2, 0, 0;3, 0, 0;
1787148262.068295141 0, 30560, 54;1, 34552, 51;2, 0, 0;3, 0, 0;
1787148264.484690351 0, 30672, 47;1, 33656, 76;2, 0, 0;3, 0, 0;
1787148266.968078278 0, 30672, 48;1, 33616, 0;2, 0, 0;3, 0, 0;
1787148269.427570320 0, 30672, 38;1, 33724, 8;2, 0, 0;3, 0, 0;
1787148271.872744251 0, 30672, 61;1, 33948, 36;2, 0, 0;3, 0, 0;
1787148274.326345753 0, 30672, 51;1, 33948, 58;2, 0, 0;3, 0, 0;
1787148276.804146921 0, 34478, 74;1, 33896, 22;2, 0, 0;3, 0, 0;
1787148279.255496869 0, 34478, 52;1, 33612, 50;2, 0, 0;3, 0, 0;
1787148281.734342807 0, 34478, 44;1, 33726, 43;2, 0, 0;3, 0, 0;
1787148284.190429732 0, 34480, 72;1, 33730, 69;2, 0, 0;3, 0, 0;
1787148286.662424749 0, 34480, 41;1, 34316, 11;2, 0, 0;3, 0, 0;
1787148289.256016004 0, 34480, 47;1, 34540, 95;2, 0, 0;3, 0, 0;
1787148291.624330749 0, 34500, 71;1, 34540, 54;2, 0, 0;3, 0, 0;
1787148294.166524148 0, 34500, 48;1, 34540, 31;2, 0, 0;3, 0, 0;
1787148296.561658081 0, 34502, 65;1, 34540, 57;2, 0, 0;3, 0, 0;
1787148298.910472137 0, 34502, 56;1, 34428, 35;2, 0, 0;3, 0, 0;
1787148301.297554358 0, 34502, 47;1, 34428, 65;2, 0, 0;3, 0, 0;
1787148303.775521931 0, 34502, 67;1, 34428, 66;2, 0, 0;3, 0, 0;
1787148308.938055963 0, 34502, 34;1, 34428, 60;2, 0, 0;3, 0, 0;
1787148311.790897821 0, 34502, 47;1, 34428, 71;2, 0, 0;3, 0, 0;
1787148314.455822885 0, 34614, 43;1, 34428, 32;2, 0, 0;3, 0, 0;
1787148316.974173095 0, 34614, 70;1, 34428, 73;2, 0, 0;3, 0, 0;
1787148319.474904029 0, 34614, 47;1, 34204, 14;2, 0, 0;3, 0, 0;
1787148321.935016904 0, 34614, 35;1, 34204, 44;2, 0, 0;3, 0, 0;
1787148324.365698305 0, 34614, 61;1, 34204, 59;2, 0, 0;3, 0, 0;
1787148326.834941482 0, 34614, 53;1, 34204, 60;2, 0, 0;3, 0, 0;
1787148329.298786691 0, 34614, 52;1, 34204, 57;2, 0, 0;3, 0, 0;
1787148331.679872269 0, 34614, 66;1, 34204, 75;2, 0, 0;3, 0, 0;
1787148334.162029513 0, 43314, 65;1, 34204, 63;2, 0, 0;3, 0, 0;
1787148336.598077731 0, 43318, 64;1, 34204, 45;2, 0, 0;3, 0, 0;
1787148339.070905331 0, 43318, 62;1, 34764, 46;2, 0, 0;3, 0, 0;
1787148341.542080049 0, 43462, 58;1, 34876, 38;2, 0, 0;3, 0, 0;
1787148344.091567659 0, 43462, 64;1, 34764, 35;2, 0, 0;3, 0, 0;
1787148346.518972633 0, 43462, 43;1, 34694, 51;2, 0, 0;3, 0, 0;
1787148348.976189098 0, 43462, 67;1, 34876, 23;2, 0, 0;3, 0, 0;
1787148351.447678565 0, 43462, 33;1, 35100, 35;2, 0, 0;3, 0, 0;
1787148353.732080779 0, 43462, 58;1, 35436, 24;2, 0, 0;3, 0, 0;
1787148356.242568691 0, 43462, 50;1, 35436, 52;2, 0, 0;3, 0, 0;
1787148358.769675207 0, 43462, 79;1, 35212, 66;2, 0, 0;3, 0, 0;
1787148361.315538591 0, 43462, 70;1, 35100, 48;2, 0, 0;3, 0, 0;
1787148363.782366489 0, 43462, 68;1, 35100, 64;2, 0, 0;3, 0, 0;
1787148366.228320066 0, 43462, 77;1, 35100, 52;2, 0, 0;3, 0, 0;
1787148368.714385521 0, 43462, 76;1, 34988, 53;2, 0, 0;3, 0, 0;
1787148371.168563530 0, 43462, 69;1, 34764, 18;2, 0, 0;3, 0, 0;
1787148373.672689681 0, 43462, 92;1, 34764, 62;2, 0, 0;3, 0, 0;
1787148376.169741191 0, 43462, 64;1, 34764, 52;2, 0, 0;3, 0, 0;
1787148378.632676082 0, 39614, 72;1, 34764, 55;2, 0, 0;3, 0, 0;
1787148381.201737776 0, 39614, 65;1, 34764, 51;2, 0, 0;3, 0, 0;
1787148383.645743018 0, 39614, 70;1, 34764, 40;2, 0, 0;3, 0, 0;
1787148386.101216847 0, 39614, 74;1, 34652, 30;2, 0, 0;3, 0, 0;
1787148388.765708199 0, 39614, 21;1, 34652, 14;2, 0, 0;3, 0, 0;
1787148391.654385086 0, 39614, 46;1, 34652, 44;2, 0, 0;3, 0, 0;
1787148393.977321411 0, 39614, 54;1, 34540, 39;2, 0, 0;3, 0, 0;
1787148396.430914986 0, 39614, 62;1, 34316, 63;2, 0, 0;3, 0, 0;
1787148398.834732518 0, 39614, 68;1, 34316, 58;2, 0, 0;3, 0, 0;
1787148401.317857614 0, 39614, 61;1, 34316, 35;2, 0, 0;3, 0, 0;
1787148403.815701302 0, 39614, 63;1, 34316, 56;2, 0, 0;3, 0, 0;
1787148406.283624986 0, 39706, 71;1, 34316, 30;2, 0, 0;3, 0, 0;
1787148408.750629669 0, 39706, 86;1, 34316, 43;2, 0, 0;3, 0, 0;
1787148411.301012792 0, 39706, 50;1, 34428, 46;2, 0, 0;3, 0, 0;
1787148413.719626583 0, 39962, 33;1, 34876, 46;2, 0, 0;3, 0, 0;
1787148416.225966232 0, 39962, 83;1, 34876, 38;2, 0, 0;3, 0, 0;
1787148418.707275984 0, 40474, 77;1, 34876, 56;2, 0, 0;3, 0, 0;
1787148421.159641013 0, 41114, 37;1, 38798, 51;2, 0, 0;3, 0, 0;
1787148423.451566510 0, 41370, 49;1, 38800, 42;2, 0, 0;3, 0, 0;
1787148425.952181249 0, 41754, 48;1, 38686, 31;2, 0, 0;3, 0, 0;
1787148428.395287884 0, 41754, 54;1, 38128, 41;2, 0, 0;3, 0, 0;
1787148430.907259899 0, 41754, 92;1, 36850, 8;2, 0, 0;3, 0, 0;
1787148433.414044806 0, 41754, 68;1, 36850, 9;2, 0, 0;3, 0, 0;
1787148435.886831843 0, 41828, 79;1, 36850, 9;2, 0, 0;3, 0, 0;
1787148438.356330995 0, 42010, 81;1, 36850, 7;2, 0, 0;3, 0, 0;
1787148440.891866933 0, 42394, 48;1, 36850, 5;2, 0, 0;3, 0, 0;
1787148443.432487257 0, 42906, 36;1, 36850, 7;2, 0, 0;3, 0, 0;
1787148445.996239805 0, 42906, 94;1, 36850, 9;2, 0, 0;3, 0, 0;
1787148448.297598131 0, 42906, 91;1, 36850, 14;2, 0, 0;3, 0, 0;
1787148450.870910403 0, 43034, 60;1, 36850, 7;2, 0, 0;3, 0, 0;
1787148453.273026585 0, 43128, 81;1, 36850, 8;2, 0, 0;3, 0, 0;
1787148455.828577600 0, 43176, 62;1, 36850, 9;2, 0, 0;3, 0, 0;
1787148458.273657735 0, 43512, 32;1, 36850, 7;2, 0, 0;3, 0, 0;
1787148460.823867571 0, 44190, 35;1, 36850, 7;2, 0, 0;3, 0, 0;
1787148463.430560850 0, 44768, 49;1, 37044, 8;2, 0, 0;3, 0, 0;
1787148466.298810246 0, 45234, 44;1, 35976, 9;2, 0, 0;3, 0, 0;
1787148469.538451261 0, 45990, 26;1, 10572, 8;2, 0, 0;3, 0, 0;
1787148472.080341034 0, 46344, 62;1, 10572, 10;2, 0, 0;3, 0, 0;
1787148474.550985304 0, 46472, 85;1, 10572, 8;2, 0, 0;3, 0, 0;
1787148477.037300666 0, 46472, 68;1, 10572, 8;2, 0, 0;3, 0, 0;
1787148479.557888368 0, 46472, 78;1, 10572, 9;2, 0, 0;3, 0, 0;
1787148482.064820979 0, 46472, 64;1, 10572, 11;2, 0, 0;3, 0, 0;
1787148484.546628244 0, 46582, 92;1, 10572, 5;2, 0, 0;3, 0, 0;
1787148486.819924927 0, 46726, 67;1, 10572, 8;2, 0, 0;3, 0, 0;
1787148489.381618707 0, 46726, 42;1, 10572, 7;2, 0, 0;3, 0, 0;
1787148491.989522683 0, 47264, 72;1, 25322, 64;2, 0, 0;3, 0, 0;
1787148494.376535790 0, 46726, 71;1, 27900, 8;2, 0, 0;3, 0, 0;
1787148496.861333787 0, 46726, 69;1, 28014, 56;2, 0, 0;3, 0, 0;
1787148499.242306185 0, 46726, 68;1, 28014, 19;2, 0, 0;3, 0, 0;
1787148501.728529154 0, 46726, 77;1, 28014, 15;2, 0, 0;3, 0, 0;
1787148504.303558541 0, 46726, 74;1, 28014, 31;2, 0, 0;3, 0, 0;
1787148506.919019057 0, 46726, 43;1, 27906, 24;2, 0, 0;3, 0, 0;
1787148509.452891645 0, 46726, 69;1, 27902, 0;2, 0, 0;3, 0, 0;
1787148511.982027375 0, 46342, 0;1, 27902, 0;2, 0, 0;3, 0, 0;
1787148514.422616327 0, 44622, 0;1, 27902, 0;2, 0, 0;3, 0, 0;
1787148516.983933883 0, 43178, 0;1, 27902, 0;2, 0, 0;3, 0, 0;
