1787162112.861757982 0, 35674, 0;1, 35694, 10;2, 0, 0;3, 0, 0;
1787162115.448131303 0, 35848, 28;1, 42478, 4;2, 0, 0;3, 0, 0;
1787162117.761609449 0, 29804, 47;1, 44262, 62;2, 0, 0;3, 0, 0;
1787162120.025797043 0, 27334, 34;1, 44448, 67;2, 0, 0;3, 0, 0;
1787162122.466844692 0, 27356, 44;1, 44808, 67;2, 0, 0;3, 0, 0;
1787162124.722556439 0, 27356, 31;1, 45476, 38;2, 0, 0;3, 0, 0;
1787162127.145456535 0, 27614, 34;1, 45588, 48;2, 0, 0;3, 0, 0;
1787162129.463176798 0, 27614, 33;1, 45812, 55;2, 0, 0;3, 0, 0;
1787162131.853323907 0, 27614, 31;1, 46488, 55;2, 0, 0;3, 0, 0;
1787162134.264926089 0, 27678, 10;1, 46712, 67;2, 0, 0;3, 0, 0;
1787162136.727727081 0, 28142, 47;1, 46824, 57;2, 0, 0;3, 0, 0;
1787162139.155586485 0, 28540, 51;1, 47160, 60;2, 0, 0;3, 0, 0;
1787162141.623163481 0, 28540, 32;1, 47534, 17;2, 0, 0;3, 0, 0;
1787162144.055754268 0, 28614, 44;1, 47720, 51;2, 0, 0;3, 0, 0;
1787162146.436779221 0, 43238, 67;1, 48820, 75;2, 0, 0;3, 0, 0;
1787162149.013120466 0, 45132, 36;1, 48282, 59;2, 0, 0;3, 0, 0;
1787162151.470597298 0, 45416, 79;1, 48306, 60;2, 0, 0;3, 0, 0;
1787162153.715075714 0, 45528, 73;1, 48306, 56;2, 0, 0;3, 0, 0;
1787162155.967494722 0, 45528, 42;1, 48306, 41;2, 0, 0;3, 0, 0;
1787162158.276288599 0, 45528, 63;1, 48306, 46;2, 0, 0;3, 0, 0;
1787162160.595369690 0, 45640, 76;1, 48306, 43;2, 0, 0;3, 0, 0;
1787162162.945574350 0, 45640, 45;1, 48514, 73;2, 0, 0;3, 0, 0;
1787162165.294013275 0, 45640, 87;1, 30850, 56;2, 0, 0;3, 0, 0;
1787162167.706674292 0, 45768, 48;1, 22548, 22;2, 0, 0;3, 0, 0;
1787162170.484615983 0, 46142, 57;1, 23142, 44;2, 0, 0;3, 0, 0;
1787162172.861645948 0, 46814, 30;1, 31162, 35;2, 0, 0;3, 0, 0;
1787162175.112919010 0, 46814, 86;1, 30942, 63;2, 0, 0;3, 0, 0;
1787162177.350522479 0, 47606, 73;1, 45344, 71;2, 0, 0;3, 0, 0;
1787162179.732384317 0, 47326, 27;1, 47192, 56;2, 0, 0;3, 0, 0;
1787162182.197610107 0, 47710, 21;1, 47368, 42;2, 0, 0;3, 0, 0;
1787162184.531254864 0, 47866, 100;1, 46920, 50;2, 0, 0;3, 0, 0;
1787162186.852980540 0, 48122, 71;1, 46922, 97;2, 0, 0;3, 0, 0;
1787162189.175020176 0, 48762, 27;1, 46922, 50;2, 0, 0;3, 0, 0;
1787162191.494573575 0, 48890, 59;1, 46924, 51;2, 0, 0;3, 0, 0;
1787162193.811115569 0, 31892, 30;1, 46924, 68;2, 0, 0;3, 0, 0;
1787162196.228613651 0, 31892, 34;1, 47036, 92;2, 0, 0;3, 0, 0;
1787162198.630465218 0, 31892, 32;1, 47036, 68;2, 0, 0;3, 0, 0;
1787162201.088539882 0, 31892, 24;1, 47036, 78;2, 0, 0;3, 0, 0;
1787162203.488493261 0, 31892, 38;1, 47036, 59;2, 0, 0;3, 0, 0;
1787162205.973302255 0, 31892, 17;1, 47036, 51;2, 0, 0;3, 0, 0;
1787162208.450454714 0, 31124, 43;1, 47348, 72;2, 0, 0;3, 0, 0;
1787162210.962364766 0, 30914, 23;1, 47348, 48;2, 0, 0;3, 0, 0;
1787162213.389312792 0, 30380, 26;1, 47348, 70;2, 0, 0;3, 0, 0;
1787162215.826111932 0, 26242, 97;1, 47460, 45;2, 0, 0;3, 0, 0;
1787162218.236387107 0, 26626, 23;1, 47460, 69;2, 0, 0;3, 0, 0;
1787162220.553513243 0, 26626, 32;1, 47460, 56;2, 0, 0;3, 0, 0;
1787162222.833689019 0, 26626, 34;1, 47460, 69;2, 0, 0;3, 0, 0;
1787162225.277888223 0, 26626, 27;1, 47460, 37;2, 0, 0;3, 0, 0;
1787162227.694633643 0, 26370, 29;1, 47460, 61;2, 0, 0;3, 0, 0;
1787162230.079769580 0, 25858, 32;1, 47800, 55;2, 0, 0;3, 0, 0;
1787162232.533894525 0, 25730, 0;1, 47912, 31;2, 0, 0;3, 0, 0;
1787162234.849049699 0, 25474, 27;1, 48024, 41;2, 0, 0;3, 0, 0;
1787162237.196172161 0, 25474, 32;1, 47912, 79;2, 0, 0;3, 0, 0;
1787162239.640861097 0, 32206, 54;1, 48356, 79;2, 0, 0;3, 0, 0;
1787162242.167841211 0, 33884, 76;1, 47832, 52;2, 0, 0;3, 0, 0;
1787162244.446723060 0, 33926, 19;1, 47902, 32;2, 0, 0;3, 0, 0;
1787162247.450274366 0, 34106, 71;1, 48056, 55;2, 0, 0;3, 0, 0;
1787162249.979808399 0, 33978, 6;1, 48168, 53;2, 0, 0;3, 0, 0;
1787162252.276374521 0, 33978, 31;1, 48392, 45;2, 0, 0;3, 0, 0;
1787162254.695049346 0, 34122, 57;1, 48840, 38;2, 0, 0;3, 0, 0;
1787162257.059454973 0, 34122, 38;1, 39620, 100;2, 0, 0;3, 0, 0;
1787162259.293856853 0, 34124, 45;1, 39620, 98;2, 0, 0;3, 0, 0;
1787162261.567518573 0, 34124, 25;1, 39620, 69;2, 0, 0;3, 0, 0;
1787162263.887929196 0, 34236, 64;1, 39508, 62;2, 0, 0;3, 0, 0;
1787162266.238743166 0, 34236, 64;1, 39508, 69;2, 0, 0;3, 0, 0;
1787162268.574439641 0, 34236, 57;1, 39508, 85;2, 0, 0;3, 0, 0;
1787162270.904261584 0, 34380, 50;1, 39722, 43;2, 0, 0;3, 0, 0;
1787162273.298943209 0, 34380, 61;1, 34182, 66;2, 0, 0;3, 0, 0;
1787162275.718190021 0, 34380, 57;1, 34182, 72;2, 0, 0;3, 0, 0;
1787162278.158035493 0, 34380, 57;1, 34182, 70;2, 0, 0;3, 0, 0;
1787162280.619466589 0, 34380, 56;1, 34070, 67;2, 0, 0;3, 0, 0;
1787162282.904024974 0, 34380, 73;1, 33958, 48;2, 0, 0;3, 0, 0;
1787162285.383260164 0, 34380, 69;1, 33958, 48;2, 0, 0;3, 0, 0;
1787162287.806115444 0, 34380, 57;1, 33958, 54;2, 0, 0;3, 0, 0;
1787162290.204238183 0, 34496, 59;1, 33958, 59;2, 0, 0;3, 0, 0;
1787162292.580186927 0, 34496, 53;1, 33958, 63;2, 0, 0;3, 0, 0;
1787162295.005623806 0, 34496, 46;1, 33958, 90;2, 0, 0;3, 0, 0;
1787162297.320308641 0, 34496, 99;1, 33958, 98;2, 0, 0;3, 0, 0;
1787162299.587982500 0, 39968, 66;1, 33958, 99;2, 0, 0;3, 0, 0;
1787162301.841932286 0, 39956, 70;1, 33958, 99;2, 0, 0;3, 0, 0;
1787162304.157475348 0, 39956, 99;1, 33958, 99;2, 0, 0;3, 0, 0;
1787162306.468807862 0, 39956, 99;1, 33846, 99;2, 0, 0;3, 0, 0;
1787162308.710220164 0, 40202, 99;1, 36926, 93;2, 0, 0;3, 0, 0;
1787162311.060461607 0, 40298, 41;1, 37810, 11;2, 0, 0;3, 0, 0;
1787162313.343286152 0, 40042, 48;1, 37862, 5;2, 0, 0;3, 0, 0;
1787162315.594931057 0, 40042, 41;1, 38102, 10;2, 0, 0;3, 0, 0;
1787162317.861648385 0, 40042, 50;1, 38214, 52;2, 0, 0;3, 0, 0;
1787162320.174393083 0, 40042, 74;1, 38326, 27;2, 0, 0;3, 0, 0;
1787162322.576881111 0, 39124, 9;1, 38440, 8;2, 0, 0;3, 0, 0;
1787162325.430176741 0, 34232, 13;1, 38440, 17;2, 0, 0;3, 0, 0;
1787162328.172775667 0, 34232, 19;1, 38440, 15;2, 0, 0;3, 0, 0;
1787162330.606406009 0, 34232, 24;1, 38440, 9;2, 0, 0;3, 0, 0;
1787162332.924873429 0, 34232, 20;1, 38440, 17;2, 0, 0;3, 0, 0;
1787162335.247526265 0, 37096, 59;1, 38440, 42;2, 0, 0;3, 0, 0;
1787162337.616100241 0, 38932, 24;1, 38440, 37;2, 0, 0;3, 0, 0;
1787162339.977270244 0, 39444, 53;1, 38440, 46;2, 0, 0;3, 0, 0;
1787162342.371301017 0, 39944, 44;1, 46792, 46;2, 0, 0;3, 0, 0;
1787162344.856952782 0, 40724, 38;1, 46792, 12;2, 0, 0;3, 0, 0;
1787162347.325664899 0, 40854, 10;1, 46792, 11;2, 0, 0;3, 0, 0;
1787162349.785118020 0, 32372, 52;1, 29290, 13;2, 0, 0;3, 0, 0;
1787162352.215822545 0, 32374, 51;1, 29286, 11;2, 0, 0;3, 0, 0;
1787162354.622363831 0, 32374, 61;1, 29286, 10;2, 0, 0;3, 0, 0;
1787162356.946175697 0, 32558, 63;1, 29286, 14;2, 0, 0;3, 0, 0;
1787162359.356871677 0, 33082, 0;1, 29286, 15;2, 0, 0;3, 0, 0;
1787162361.704714328 0, 33594, 31;1, 29286, 18;2, 0, 0;3, 0, 0;
1787162364.191402934 0, 33850, 55;1, 29286, 15;2, 0, 0;3, 0, 0;
1787162366.626799189 0, 33850, 45;1, 29286, 24;2, 0, 0;3, 0, 0;
1787162369.114623733 0, 33914, 52;1, 29286, 18;2, 0, 0;3, 0, 0;
1787162371.579532631 0, 33914, 68;1, 29286, 14;2, 0, 0;3, 0, 0;
1787162373.898854442 0, 34626, 7;1, 29286, 11;2, 0, 0;3, 0, 0;
1787162376.338703388 0, 34938, 34;1, 33094, 15;2, 0, 0;3, 0, 0;
1787162378.830921944 0, 35816, 53;1, 33096, 35;2, 0, 0;3, 0, 0;
1787162381.337623482 0, 36218, 66;1, 33136, 33;2, 0, 0;3, 0, 0;
1787162383.726851686 0, 36858, 12;1, 33136, 21;2, 0, 0;3, 0, 0;
1787162386.161288899 0, 33766, 33;1, 25424, 24;2, 0, 0;3, 0, 0;
1787162388.650280445 0, 33766, 17;1, 19024, 16;2, 0, 0;3, 0, 0;
1787162391.052900007 0, 33766, 36;1, 25612, 37;2, 0, 0;3, 0, 0;
1787162393.323572692 0, 34288, 67;1, 42326, 62;2, 0, 0;3, 0, 0;
1787162395.961325585 0, 33382, 46;1, 44176, 41;2, 0, 0;3, 0, 0;
1787162398.443500586 0, 32998, 30;1, 44588, 39;2, 0, 0;3, 0, 0;
1787162401.268381985 0, 32614, 28;1, 44912, 43;2, 0, 0;3, 0, 0;
1787162404.294724644 0, 32486, 80;1, 45292, 75;2, 0, 0;3, 0, 0;
1787162406.546313295 0, 31180, 1;1, 45478, 46;2, 0, 0;3, 0, 0;
1787162408.835033081 0, 29414, 0;1, 45990, 56;2, 0, 0;3, 0, 0;
1787162411.144831019 0, 34742, 32;1, 46246, 55;2, 0, 0;3, 0, 0;
1787162413.578610857 0, 43210, 30;1, 46246, 68;2, 0, 0;3, 0, 0;
1787162416.137501058 0, 42998, 33;1, 46358, 53;2, 0, 0;3, 0, 0;
1787162418.586493487 0, 42186, 19;1, 47142, 42;2, 0, 0;3, 0, 0;
1787162420.959456188 0, 42186, 32;1, 47286, 45;2, 0, 0;3, 0, 0;
1787162423.375500645 0, 41658, 37;1, 31692, 37;2, 0, 0;3, 0, 0;
1787162425.820781265 0, 41692, 55;1, 30648, 66;2, 0, 0;3, 0, 0;
1787162428.082499051 0, 41692, 52;1, 30648, 39;2, 0, 0;3, 0, 0;
1787162430.409826697 0, 41782, 46;1, 30648, 99;2, 0, 0;3, 0, 0;
1787162432.642629377 0, 42072, 99;1, 30648, 99;2, 0, 0;3, 0, 0;
1787162434.894928246 0, 42600, 98;1, 30648, 99;2, 0, 0;3, 0, 0;
1787162437.213741246 0, 42712, 24;1, 30648, 85;2, 0, 0;3, 0, 0;
1787162439.529914681 0, 42936, 99;1, 30424, 99;2, 0, 0;3, 0, 0;
1787162441.809228228 0, 42936, 48;1, 29752, 42;2, 0, 0;3, 0, 0;
1787162444.131567971 0, 42976, 19;1, 28758, 25;2, 0, 0;3, 0, 0;
1787162446.475372366 0, 43728, 17;1, 45242, 25;2, 0, 0;3, 0, 0;
1787162448.794125491 0, 24600, 55;1, 45680, 47;2, 0, 0;3, 0, 0;
1787162451.171274795 0, 24936, 38;1, 45680, 32;2, 0, 0;3, 0, 0;
1787162453.563751571 0, 25158, 52;1, 45680, 84;2, 0, 0;3, 0, 0;
1787162455.881735142 0, 25270, 93;1, 45680, 40;2, 0, 0;3, 0, 0;
1787162458.201283014 0, 25494, 64;1, 45680, 52;2, 0, 0;3, 0, 0;
1787162460.525093862 0, 25494, 74;1, 45680, 60;2, 0, 0;3, 0, 0;
1787162462.795469757 0, 25494, 25;1, 45680, 47;2, 0, 0;3, 0, 0;
1787162465.072618241 0, 25494, 72;1, 45680, 33;2, 0, 0;3, 0, 0;
1787162467.363816636 0, 25494, 36;1, 45680, 40;2, 0, 0;3, 0, 0;
1787162469.629725642 0, 25494, 80;1, 45616, 26;2, 0, 0;3, 0, 0;
1787162471.882779496 0, 25494, 93;1, 45616, 53;2, 0, 0;3, 0, 0;
1787162474.125371604 0, 25494, 39;1, 45616, 41;2, 0, 0;3, 0, 0;
1787162476.397815607 0, 25494, 15;1, 45616, 31;2, 0, 0;3, 0, 0;
1787162478.877709456 0, 25494, 11;1, 45616, 29;2, 0, 0;3, 0, 0;
1787162481.622982121 0, 25494, 31;1, 25130, 33;2, 0, 0;3, 0, 0;
1787162484.021516634 0, 25494, 25;1, 19930, 40;2, 0, 0;3, 0, 0;
1787162486.270385006 0, 25494, 36;1, 19930, 95;2, 0, 0;3, 0, 0;
1787162488.578379619 0, 25382, 76;1, 19930, 98;2, 0, 0;3, 0, 0;
1787162490.835887373 0, 25382, 88;1, 19930, 98;2, 0, 0;3, 0, 0;
1787162493.102854870 0, 25382, 14;1, 19930, 59;2, 0, 0;3, 0, 0;
1787162495.356734687 0, 25382, 22;1, 19930, 26;2, 0, 0;3, 0, 0;
1787162497.638868176 0, 25158, 28;1, 19930, 23;2, 0, 0;3, 0, 0;
1787162500.019267245 0, 25046, 31;1, 19930, 37;2, 0, 0;3, 0, 0;
1787162502.329940396 0, 24934, 58;1, 19930, 98;2, 0, 0;3, 0, 0;
1787162504.591030470 0, 24934, 89;1, 19930, 98;2, 0, 0;3, 0, 0;
1787162506.857177421 0, 24934, 33;1, 19930, 30;2, 0, 0;3, 0, 0;
1787162509.126264066 0, 24934, 96;1, 19930, 96;2, 0, 0;3, 0, 0;
1787162511.395876721 0, 24934, 64;1, 19930, 45;2, 0, 0;3, 0, 0;
1787162513.657846863 0, 24934, 91;1, 19930, 69;2, 0, 0;3, 0, 0;
1787162515.924018761 0, 25178, 47;1, 23438, 98;2, 0, 0;3, 0, 0;
1787162518.189916818 0, 25438, 62;1, 40696, 81;2, 0, 0;3, 0, 0;
1787162520.523757847 0, 24934, 38;1, 43014, 64;2, 0, 0;3, 0, 0;
1787162522.794939000 0, 24934, 46;1, 43272, 51;2, 0, 0;3, 0, 0;
1787162525.054530635 0, 24934, 78;1, 43400, 79;2, 0, 0;3, 0, 0;
1787162527.327105699 0, 24598, 41;1, 43512, 100;2, 0, 0;3, 0, 0;
1787162529.590124037 0, 24374, 91;1, 43512, 99;2, 0, 0;3, 0, 0;
1787162531.854858767 0, 27882, 92;1, 43758, 97;2, 0, 0;3, 0, 0;
1787162534.135819510 0, 29508, 18;1, 43770, 74;2, 0, 0;3, 0, 0;
1787162536.407135139 0, 29508, 99;1, 43770, 99;2, 0, 0;3, 0, 0;
1787162538.670330634 0, 29508, 98;1, 43770, 99;2, 0, 0;3, 0, 0;
1787162540.928236080 0, 29508, 99;1, 43770, 99;2, 0, 0;3, 0, 0;
1787162543.187191387 0, 29284, 0;1, 43770, 99;2, 0, 0;3, 0, 0;
1787162545.445763883 0, 29284, 0;1, 38208, 60;2, 0, 0;3, 0, 0;
