1787339616.760690162 0, 33804, 0;1, 33818, 0;2, 0, 0;3, 0, 0;
1787339619.362851399 0, 33986, 24;1, 33922, 19;2, 0, 0;3, 0, 0;
1787339621.736999517 0, 35040, 4;1, 34464, 7;2, 0, 0;3, 0, 0;
1787339624.093156648 0, 36944, 6;1, 34464, 43;2, 0, 0;3, 0, 0;
1787339626.562803849 0, 37970, 7;1, 34600, 64;2, 0, 0;3, 0, 0;
1787339629.052041070 0, 39122, 45;1, 34602, 57;2, 0, 0;3, 0, 0;
1787339632.223202989 0, 40664, 7;1, 34958, 52;2, 0, 0;3, 0, 0;
1787339635.050536429 0, 41914, 18;1, 35764, 16;2, 0, 0;3, 0, 0;
1787339637.583911564 0, 42556, 44;1, 36200, 14;2, 0, 0;3, 0, 0;
1787339640.092521004 0, 42556, 14;1, 36648, 24;2, 0, 0;3, 0, 0;
1787339642.489959505 0, 42556, 19;1, 37044, 26;2, 0, 0;3, 0, 0;
1787339644.927647405 0, 42556, 62;1, 37156, 30;2, 0, 0;3, 0, 0;
1787339647.266687346 0, 42556, 74;1, 37156, 42;2, 0, 0;3, 0, 0;
1787339649.780924474 0, 43364, 6;1, 37380, 59;2, 0, 0;3, 0, 0;
1787339652.217371474 0, 45362, 4;1, 37716, 50;2, 0, 0;3, 0, 0;
1787339654.634462584 0, 46386, 6;1, 37716, 33;2, 0, 0;3, 0, 0;
1787339657.136125342 0, 47362, 5;1, 37828, 51;2, 0, 0;3, 0, 0;
1787339659.692013223 0, 48486, 7;1, 37828, 49;2, 0, 0;3, 0, 0;
1787339662.119198141 0, 50304, 5;1, 37828, 44;2, 0, 0;3, 0, 0;
1787339664.514486031 0, 51570, 7;1, 37828, 41;2, 0, 0;3, 0, 0;
1787339667.187773586 0, 53180, 3;1, 37828, 51;2, 0, 0;3, 0, 0;
1787339669.790304104 0, 54052, 23;1, 37828, 41;2, 0, 0;3, 0, 0;
1787339672.279757745 0, 53322, 68;1, 37828, 48;2, 0, 0;3, 0, 0;
1787339674.849110703 0, 53322, 54;1, 40692, 35;2, 0, 0;3, 0, 0;
1787339677.285993525 0, 52325, 93;1, 40914, 52;2, 0, 0;3, 0, 0;
1787339681.229190854 0, 52853, 51;1, 41548, 80;2, 0, 0;3, 0, 0;
1787339683.813753094 0, 52981, 21;1, 41834, 46;2, 0, 0;3, 0, 0;
1787339686.233307584 0, 52981, 32;1, 41834, 51;2, 0, 0;3, 0, 0;
1787339688.778423900 0, 53109, 27;1, 41834, 21;2, 0, 0;3, 0, 0;
1787339691.411180460 0, 59697, 60;1, 43036, 59;2, 0, 0;3, 0, 0;
1787339693.954074516 0, 61839, 34;1, 42778, 35;2, 0, 0;3, 0, 0;
1787339696.513610757 0, 62533, 46;1, 42940, 46;2, 0, 0;3, 0, 0;
1787339699.178298175 0, 62533, 51;1, 42940, 51;2, 0, 0;3, 0, 0;
1787339701.835513718 0, 62533, 42;1, 43142, 37;2, 0, 0;3, 0, 0;
1787339704.411414511 0, 62277, 26;1, 43366, 34;2, 0, 0;3, 0, 0;
1787339707.579080154 0, 62485, 41;1, 43766, 11;2, 0, 0;3, 0, 0;
1787339710.953304719 0, 62567, 66;1, 44262, 100;2, 0, 0;3, 0, 0;
1787339713.330078706 0, 62567, 55;1, 44284, 43;2, 0, 0;3, 0, 0;
1787339715.911214635 0, 62681, 51;1, 43702, 38;2, 0, 0;3, 0, 0;
1787339718.561897080 0, 62855, 56;1, 43766, 23;2, 0, 0;3, 0, 0;
1787339721.235183301 0, 62855, 32;1, 43942, 17;2, 0, 0;3, 0, 0;
1787339723.976274464 0, 62855, 53;1, 43942, 22;2, 0, 0;3, 0, 0;
1787339726.721416733 0, 62999, 42;1, 44166, 26;2, 0, 0;3, 0, 0;
1787339729.164689358 0, 62743, 52;1, 44504, 32;2, 0, 0;3, 0, 0;
1787339731.731582761 0, 62615, 43;1, 44728, 32;2, 0, 0;3, 0, 0;
1787339734.162747571 0, 61975, 9;1, 45766, 40;2, 0, 0;3, 0, 0;
1787339736.857379849 0, 61847, 44;1, 46738, 24;2, 0, 0;3, 0, 0;
1787339739.551380530 0, 61719, 40;1, 48050, 24;2, 0, 0;3, 0, 0;
1787339742.183877605 0, 60407, 29;1, 48834, 44;2, 0, 0;3, 0, 0;
1787339744.807693244 0, 58970, 0;1, 48948, 0;2, 0, 0;3, 0, 0;
1787339749.066706272 0, 56260, 0;1, 46097, 0;2, 0, 0;3, 0, 0;
1787339755.455361319 0, 56260, 0;1, 39336, 95;2, 0, 0;3, 0, 0;
1787339759.047537711 0, 6, 27;1, 18065, 14;2, 0, 0;3, 0, 0;
1787339761.127413167 0, 6, 0;1, 18065, 0;2, 0, 0;3, 0, 0;
1787339763.213937021 0, 6, 0;1, 18065, 0;2, 0, 0;3, 0, 0;
1787339765.299170043 0, 6, 0;1, 18065, 0;2, 0, 0;3, 0, 0;
1787339767.402761485 0, 0, 0;1, 0, 1;2, 0, 0;3, 0, 0;
1787339769.496294069 0, 0, 0;1, 0, 0;2, 0, 0;3, 0, 0;
1787339771.579285812 0, 0, 0;1, 0, 0;2, 0, 0;3, 0, 0;
1787339773.675791633 0, 0, 0;1, 0, 0;2, 0, 0;3, 0, 0;
1787339775.760756222 0, 0, 0;1, 0, 0;2, 0, 0;3, 0, 0;
1787339777.843516022 0, 0, 0;1, 0, 0;2, 0, 0;3, 0, 0;
1787339779.910874198 0, 0, 0;1, 0, 0;2, 0, 0;3, 0, 0;
1787339781.994442025 0, 0, 0;1, 0, 0;2, 0, 0;3, 0, 0;
1787339784.096580224 0, 0, 0;1, 0, 0;2, 0, 0;3, 0, 0;
1787339786.197441302 0, 0, 0;1, 0, 0;2, 0, 0;3, 0, 0;
1787339788.283760983 0, 0, 0;1, 0, 0;2, 0, 0;3, 0, 0;
1787339790.367490161 0, 0, 0;1, 0, 0;2, 0, 0;3, 0, 0;
1787339792.447727569 0, 0, 0;1, 0, 0;2, 0, 0;3, 0, 0;
1787339794.535742995 0, 0, 0;1, 0, 0;2, 0, 0;3, 0, 0;
1787339796.639012723 0, 0, 0;1, 0, 0;2, 0, 0;3, 0, 0;
1787339798.720150188 0, 0, 0;1, 0, 0;2, 0, 0;3, 0, 0;
1787339800.827573673 0, 0, 0;1, 0, 0;2, 0, 0;3, 0, 0;
1787339802.910175631 0, 0, 0;1, 0, 0;2, 0, 0;3, 0, 0;
1787339805.009323623 0, 0, 0;1, 0, 0;2, 0, 0;3, 0, 0;
1787339807.091194905 0, 0, 0;1, 0, 0;2, 0, 0;3, 0, 0;
1787339809.170522884 0, 0, 0;1, 0, 0;2, 0, 0;3, 0, 0;
1787339811.461154726 0, 0, 0;1, 0, 0;2, 0, 0;3, 0, 0;
1787339813.540738007 0, 0, 0;1, 0, 0;2, 0, 0;3, 0, 0;
1787339815.638004483 0, 0, 0;1, 0, 0;2, 0, 0;3, 0, 0;
1787339817.720751662 0, 0, 0;1, 0, 0;2, 0, 0;3, 0, 0;
1787339819.826053337 0, 0, 0;1, 0, 0;2, 0, 0;3, 0, 0;
1787339821.952704989 0, 0, 0;1, 0, 0;2, 0, 0;3, 0, 0;
1787339824.056264519 0, 0, 0;1, 0, 0;2, 0, 0;3, 0, 0;
1787339826.159940220 0, 0, 0;1, 0, 0;2, 0, 0;3, 0, 0;
1787339828.241502398 0, 0, 0;1, 0, 0;2, 0, 0;3, 0, 0;
1787339830.324488879 0, 0, 0;1, 0, 0;2, 0, 0;3, 0, 0;
1787339832.436312841 0, 0, 0;1, 0, 0;2, 0, 0;3, 0, 0;
1787339834.519611314 0, 0, 0;1, 0, 0;2, 0, 0;3, 0, 0;
1787339836.621851142 0, 0, 0;1, 0, 0;2, 0, 0;3, 0, 0;
1787339838.717703795 0, 0, 0;1, 0, 0;2, 0, 0;3, 0, 0;
1787339840.800090280 0, 0, 0;1, 0, 0;2, 0, 0;3, 0, 0;
1787339842.883606705 0, 0, 0;1, 0, 0;2, 0, 0;3, 0, 0;
1787339844.966825957 0, 0, 0;1, 0, 0;2, 0, 0;3, 0, 0;
1787339847.049720716 0, 0, 0;1, 0, 0;2, 0, 0;3, 0, 0;
1787339849.172941947 0, 0, 0;1, 0, 0;2, 0, 0;3, 0, 0;
1787339851.256155149 0, 0, 0;1, 0, 0;2, 0, 0;3, 0, 0;
1787339853.377771745 0, 0, 0;1, 0, 0;2, 0, 0;3, 0, 0;
1787339855.459653205 0, 0, 0;1, 0, 0;2, 0, 0;3, 0, 0;
1787339857.548467646 0, 0, 0;1, 0, 0;2, 0, 0;3, 0, 0;
1787339859.670284994 0, 0, 0;1, 0, 0;2, 0, 0;3, 0, 0;
1787339861.750778292 0, 0, 0;1, 0, 0;2, 0, 0;3, 0, 0;
1787339863.868104591 0, 0, 0;1, 0, 0;2, 0, 0;3, 0, 0;
1787339865.950346084 0, 0, 0;1, 0, 0;2, 0, 0;3, 0, 0;
1787339868.030693931 0, 0, 0;1, 0, 0;2, 0, 0;3, 0, 0;
1787339870.110672003 0, 0, 0;1, 0, 0;2, 0, 0;3, 0, 0;
1787339872.209645432 0, 0, 0;1, 0, 0;2, 0, 0;3, 0, 0;
1787339874.292147228 0, 0, 0;1, 0, 0;2, 0, 0;3, 0, 0;
1787339876.376740741 0, 0, 0;1, 0, 0;2, 0, 0;3, 0, 0;
1787339878.458632681 0, 0, 0;1, 0, 0;2, 0, 0;3, 0, 0;
1787339880.542760090 0, 0, 0;1, 0, 0;2, 0, 0;3, 0, 0;
1787339882.621346690 0, 0, 0;1, 0, 0;2, 0, 0;3, 0, 0;
1787339884.702436483 0, 0, 0;1, 0, 0;2, 0, 0;3, 0, 0;
1787339886.825332350 0, 0, 0;1, 0, 0;2, 0, 0;3, 0, 0;
1787339888.941185705 0, 0, 0;1, 0, 0;2, 0, 0;3, 0, 0;
1787339891.020407591 0, 0, 0;1, 0, 0;2, 0, 0;3, 0, 0;
1787339893.123579086 0, 0, 0;1, 0, 0;2, 0, 0;3, 0, 0;
1787339895.203966122 0, 0, 0;1, 0, 0;2, 0, 0;3, 0, 0;
1787339897.286799679 0, 0, 0;1, 0, 0;2, 0, 0;3, 0, 0;
1787339899.384087922 0, 0, 0;1, 0, 0;2, 0, 0;3, 0, 0;
1787339901.462902625 0, 0, 0;1, 0, 0;2, 0, 0;3, 0, 0;
1787339903.559963856 0, 0, 0;1, 0, 0;2, 0, 0;3, 0, 0;
1787339905.639992838 0, 0, 0;1, 0, 0;2, 0, 0;3, 0, 0;
1787339907.725431218 0, 0, 0;1, 0, 0;2, 0, 0;3, 0, 0;
1787339909.808232215 0, 0, 0;1, 0, 0;2, 0, 0;3, 0, 0;
1787339911.917031558 0, 0, 0;1, 0, 0;2, 0, 0;3, 0, 0;
1787339913.999846185 0, 0, 0;1, 0, 0;2, 0, 0;3, 0, 0;
1787339916.131156854 0, 0, 0;1, 0, 0;2, 0, 0;3, 0, 0;
1787339918.237923190 0, 0, 0;1, 0, 0;2, 0, 0;3, 0, 0;
1787339920.358381195 0, 0, 0;1, 0, 0;2, 0, 0;3, 0, 0;
1787339922.454450657 0, 0, 0;1, 0, 0;2, 0, 0;3, 0, 0;
1787339924.553000330 0, 0, 0;1, 0, 0;2, 0, 0;3, 0, 0;
1787339926.643894557 0, 0, 0;1, 0, 0;2, 0, 0;3, 0, 0;
1787339928.747517535 0, 0, 0;1, 0, 0;2, 0, 0;3, 0, 0;
1787339930.848711801 0, 0, 0;1, 0, 0;2, 0, 0;3, 0, 0;
1787339932.984176567 0, 0, 0;1, 0, 0;2, 0, 0;3, 0, 0;
1787339935.070017959 0, 0, 0;1, 0, 0;2, 0, 0;3, 0, 0;
1787339937.153104488 0, 0, 0;1, 0, 0;2, 0, 0;3, 0, 0;
1787339939.236169176 0, 0, 0;1, 0, 0;2, 0, 0;3, 0, 0;
1787339941.320246433 0, 0, 0;1, 0, 0;2, 0, 0;3, 0, 0;
1787339943.406834062 0, 0, 0;1, 0, 0;2, 0, 0;3, 0, 0;
1787339945.491516334 0, 0, 0;1, 0, 0;2, 0, 0;3, 0, 0;
1787339947.569057434 0, 0, 0;1, 0, 0;2, 0, 0;3, 0, 0;
1787339949.655995916 0, 0, 0;1, 0, 0;2, 0, 0;3, 0, 0;
1787339951.762350227 0, 0, 0;1, 0, 0;2, 0, 0;3, 0, 0;
1787339953.843762070 0, 0, 0;1, 0, 0;2, 0, 0;3, 0, 0;
1787339955.934532915 0, 0, 0;1, 0, 0;2, 0, 0;3, 0, 0;
1787339958.040060709 0, 0, 0;1, 0, 0;2, 0, 0;3, 0, 0;
1787339960.143282842 0, 0, 0;1, 0, 0;2, 0, 0;3, 0, 0;
1787339962.260851411 0, 0, 0;1, 0, 0;2, 0, 0;3, 0, 0;
1787339964.340853372 0, 0, 0;1, 0, 0;2, 0, 0;3, 0, 0;
1787339966.425532674 0, 0, 0;1, 0, 0;2, 0, 0;3, 0, 0;
1787339968.535270684 0, 0, 0;1, 0, 0;2, 0, 0;3, 0, 0;
1787339970.630201584 0, 0, 0;1, 0, 0;2, 0, 0;3, 0, 0;
1787339972.713572895 0, 0, 0;1, 0, 0;2, 0, 0;3, 0, 0;
1787339974.798530289 0, 0, 0;1, 0, 0;2, 0, 0;3, 0, 0;
1787339976.882086120 0, 0, 0;1, 0, 0;2, 0, 0;3, 0, 0;
1787339978.969132603 0, 0, 0;1, 0, 0;2, 0, 0;3, 0, 0;
1787339981.056135914 0, 0, 0;1, 0, 0;2, 0, 0;3, 0, 0;
1787339983.140705475 0, 0, 0;1, 0, 0;2, 0, 0;3, 0, 0;
1787339985.237873174 0, 0, 0;1, 0, 0;2, 0, 0;3, 0, 0;
1787339987.321910650 0, 0, 0;1, 0, 0;2, 0, 0;3, 0, 0;
1787339989.447366897 0, 0, 0;1, 0, 0;2, 0, 0;3, 0, 0;
1787339991.526402099 0, 0, 0;1, 0, 0;2, 0, 0;3, 0, 0;
1787339993.607781341 0, 0, 0;1, 0, 0;2, 0, 0;3, 0, 0;
1787339995.693541752 0, 0, 0;1, 0, 0;2, 0, 0;3, 0, 0;
1787339997.795627354 0, 0, 0;1, 0, 0;2, 0, 0;3, 0, 0;
1787339999.899795245 0, 0, 0;1, 0, 0;2, 0, 0;3, 0, 0;
1787340001.984300525 0, 0, 0;1, 0, 0;2, 0, 0;3, 0, 0;
1787340004.089636505 0, 0, 0;1, 0, 0;2, 0, 0;3, 0, 0;
1787340006.167532447 0, 0, 0;1, 0, 0;2, 0, 0;3, 0, 0;
1787340008.248179503 0, 0, 0;1, 0, 0;2, 0, 0;3, 0, 0;
1787340010.329393783 0, 0, 0;1, 0, 0;2, 0, 0;3, 0, 0;
1787340012.412253148 0, 0, 0;1, 0, 0;2, 0, 0;3, 0, 0;
1787340014.496719387 0, 0, 0;1, 0, 0;2, 0, 0;3, 0, 0;
1787340016.597643199 0, 0, 0;1, 0, 0;2, 0, 0;3, 0, 0;
1787340018.680873717 0, 0, 0;1, 0, 0;2, 0, 0;3, 0, 0;
1787340020.785636313 0, 0, 0;1, 0, 0;2, 0, 0;3, 0, 0;
1787340022.873481111 0, 0, 0;1, 0, 0;2, 0, 0;3, 0, 0;
1787340024.956753229 0, 0, 0;1, 0, 0;2, 0, 0;3, 0, 0;
1787340027.035530398 0, 0, 0;1, 0, 0;2, 0, 0;3, 0, 0;
1787340029.114734130 0, 0, 0;1, 0, 0;2, 0, 0;3, 0, 0;
1787340031.202482987 0, 0, 0;1, 0, 0;2, 0, 0;3, 0, 0;
1787340033.281805551 0, 0, 0;1, 0, 0;2, 0, 0;3, 0, 0;
1787340035.405976875 0, 0, 0;1, 0, 0;2, 0, 0;3, 0, 0;
1787340037.505708427 0, 0, 0;1, 0, 0;2, 0, 0;3, 0, 0;
