1787346743.805074537 0, 33468, 0;1, 33482, 0;2, 0, 0;3, 0, 0;
1787346746.241095747 0, 33922, 8;1, 33918, 0;2, 0, 0;3, 0, 0;
1787346748.587852681 0, 34026, 16;1, 33920, 0;2, 0, 0;3, 0, 0;
1787346750.909987965 0, 34026, 21;1, 33960, 10;2, 0, 0;3, 0, 0;
1787346753.325591601 0, 34138, 7;1, 33962, 11;2, 0, 0;3, 0, 0;
1787346756.296369073 0, 34164, 44;1, 34074, 72;2, 0, 0;3, 0, 0;
1787346758.618239136 0, 34164, 89;1, 34074, 50;2, 0, 0;3, 0, 0;
1787346760.958218520 0, 34310, 87;1, 34186, 49;2, 0, 0;3, 0, 0;
1787346763.268765950 0, 34310, 24;1, 34186, 40;2, 0, 0;3, 0, 0;
1787346765.620061941 0, 34310, 15;1, 34206, 10;2, 0, 0;3, 0, 0;
1787346767.962818215 0, 34310, 38;1, 34232, 14;2, 0, 0;3, 0, 0;
1787346770.296197005 0, 34310, 24;1, 34232, 5;2, 0, 0;3, 0, 0;
1787346772.601662152 0, 34374, 27;1, 34232, 12;2, 0, 0;3, 0, 0;
1787346775.064012791 0, 34374, 33;1, 34232, 13;2, 0, 0;3, 0, 0;
1787346777.419117855 0, 34374, 21;1, 34234, 10;2, 0, 0;3, 0, 0;
1787346779.799811864 0, 34456, 23;1, 34234, 13;2, 0, 0;3, 0, 0;
1787346782.209413780 0, 34588, 28;1, 34234, 12;2, 0, 0;3, 0, 0;
1787346784.562443860 0, 34652, 21;1, 34234, 10;2, 0, 0;3, 0, 0;
1787346789.309549909 0, 34652, 30;1, 34234, 14;2, 0, 0;3, 0, 0;
1787346791.930798298 0, 34654, 16;1, 34234, 10;2, 0, 0;3, 0, 0;
1787346794.228926962 0, 34654, 20;1, 34234, 10;2, 0, 0;3, 0, 0;
1787346796.774866184 0, 34432, 34;1, 33816, 27;2, 0, 0;3, 0, 0;
1787346799.199195219 0, 33448, 29;1, 32042, 59;2, 0, 0;3, 0, 0;
1787346801.587052838 0, 33448, 18;1, 32296, 14;2, 0, 0;3, 0, 0;
1787346804.065321132 0, 33448, 35;1, 32296, 0;2, 0, 0;3, 0, 0;
1787346806.428530533 0, 33532, 20;1, 32296, 13;2, 0, 0;3, 0, 0;
1787346808.859431457 0, 33532, 15;1, 32296, 10;2, 0, 0;3, 0, 0;
1787346811.258827441 0, 33630, 26;1, 32296, 10;2, 0, 0;3, 0, 0;
1787346813.624170817 0, 33630, 22;1, 32296, 11;2, 0, 0;3, 0, 0;
1787346816.140103074 0, 33630, 22;1, 32296, 8;2, 0, 0;3, 0, 0;
1787346818.489058349 0, 33630, 25;1, 32296, 13;2, 0, 0;3, 0, 0;
1787346820.886445302 0, 33630, 12;1, 32382, 13;2, 0, 0;3, 0, 0;
1787346823.257429090 0, 33630, 28;1, 32382, 12;2, 0, 0;3, 0, 0;
1787346825.726816180 0, 33630, 25;1, 32494, 14;2, 0, 0;3, 0, 0;
1787346828.164116275 0, 33630, 66;1, 32494, 37;2, 0, 0;3, 0, 0;
1787346830.637521730 0, 33630, 27;1, 32494, 11;2, 0, 0;3, 0, 0;
1787346833.462360277 0, 33630, 27;1, 32494, 18;2, 0, 0;3, 0, 0;
1787346835.867234152 0, 33630, 26;1, 32494, 12;2, 0, 0;3, 0, 0;
1787346838.415972052 0, 33630, 25;1, 48620, 10;2, 0, 0;3, 0, 0;
1787346840.695314881 0, 33630, 23;1, 64718, 14;2, 0, 0;3, 0, 0;
1787346843.068921932 0, 33630, 14;1, 65980, 21;2, 0, 0;3, 0, 0;
1787346845.513358240 0, 33630, 0;1, 65980, 78;2, 0, 0;3, 0, 0;
1787346848.033470981 0, 33630, 0;1, 66110, 31;2, 0, 0;3, 0, 0;
1787346850.413932100 0, 33630, 0;1, 66110, 33;2, 0, 0;3, 0, 0;
1787346852.761526428 0, 33630, 0;1, 66110, 95;2, 0, 0;3, 0, 0;
1787346855.117044076 0, 33630, 0;1, 66222, 57;2, 0, 0;3, 0, 0;
1787346857.643448153 0, 33630, 0;1, 66350, 29;2, 0, 0;3, 0, 0;
1787346860.188874068 0, 33630, 0;1, 66464, 49;2, 0, 0;3, 0, 0;
1787346862.745723339 0, 33630, 0;1, 66576, 58;2, 0, 0;3, 0, 0;
1787346865.234868610 0, 33630, 0;1, 66576, 22;2, 0, 0;3, 0, 0;
1787346867.589103863 0, 33630, 0;1, 66576, 45;2, 0, 0;3, 0, 0;
1787346869.996880841 0, 33630, 0;1, 66688, 53;2, 0, 0;3, 0, 0;
1787346872.428703602 0, 33630, 0;1, 66688, 57;2, 0, 0;3, 0, 0;
1787346874.773464756 0, 33630, 0;1, 66688, 40;2, 0, 0;3, 0, 0;
1787346877.268756316 0, 33630, 0;1, 66944, 43;2, 0, 0;3, 0, 0;
1787346879.694709655 0, 33630, 0;1, 66944, 66;2, 0, 0;3, 0, 0;
1787346882.073632580 0, 33630, 0;1, 66944, 36;2, 0, 0;3, 0, 0;
1787346884.438360148 0, 33630, 0;1, 66944, 48;2, 0, 0;3, 0, 0;
1787346886.903605485 0, 33630, 0;1, 67290, 29;2, 0, 0;3, 0, 0;
1787346889.227884469 0, 30604, 0;1, 67290, 60;2, 0, 0;3, 0, 0;
1787346891.668364125 0, 30604, 0;1, 67492, 37;2, 0, 0;3, 0, 0;
1787346894.056150957 0, 30604, 0;1, 67492, 34;2, 0, 0;3, 0, 0;
1787346896.505359001 0, 30604, 0;1, 67732, 46;2, 0, 0;3, 0, 0;
1787346898.871872398 0, 30604, 0;1, 67732, 50;2, 0, 0;3, 0, 0;
1787346901.222079660 0, 30604, 0;1, 67732, 62;2, 0, 0;3, 0, 0;
1787346903.614311495 0, 30604, 0;1, 67732, 49;2, 0, 0;3, 0, 0;
1787346906.049992343 0, 30604, 0;1, 67732, 64;2, 0, 0;3, 0, 0;
1787346909.039921324 0, 34208, 0;1, 67732, 39;2, 0, 0;3, 0, 0;
1787346912.033415004 0, 35238, 5;1, 67732, 39;2, 0, 0;3, 0, 0;
1787346914.578784186 0, 35238, 10;1, 67732, 20;2, 0, 0;3, 0, 0;
1787346917.087221636 0, 35238, 4;1, 67732, 53;2, 0, 0;3, 0, 0;
1787346919.461574381 0, 35238, 8;1, 67732, 29;2, 0, 0;3, 0, 0;
1787346921.861060807 0, 35238, 0;1, 67732, 54;2, 0, 0;3, 0, 0;
1787346924.239198654 0, 35278, 6;1, 67732, 23;2, 0, 0;3, 0, 0;
1787346926.720255019 0, 35280, 6;1, 67860, 44;2, 0, 0;3, 0, 0;
1787346929.108009180 0, 37910, 14;1, 67860, 37;2, 0, 0;3, 0, 0;
1787346931.480457203 0, 46180, 19;1, 67860, 18;2, 0, 0;3, 0, 0;
1787346933.942230628 0, 46976, 29;1, 67860, 34;2, 0, 0;3, 0, 0;
1787346936.370265245 0, 47068, 20;1, 67860, 61;2, 0, 0;3, 0, 0;
1787346938.877170448 0, 47134, 38;1, 67636, 31;2, 0, 0;3, 0, 0;
1787346941.205349815 0, 47134, 37;1, 67636, 33;2, 0, 0;3, 0, 0;
1787346943.558188701 0, 47246, 31;1, 67636, 43;2, 0, 0;3, 0, 0;
1787346945.860820449 0, 47246, 45;1, 67252, 37;2, 0, 0;3, 0, 0;
1787346948.309976749 0, 47246, 21;1, 66900, 23;2, 0, 0;3, 0, 0;
1787346950.768783730 0, 47246, 51;1, 66900, 40;2, 0, 0;3, 0, 0;
1787346953.164524233 0, 47390, 36;1, 66900, 56;2, 0, 0;3, 0, 0;
1787346955.583888117 0, 47390, 43;1, 66900, 37;2, 0, 0;3, 0, 0;
1787346957.882174256 0, 47390, 41;1, 66900, 20;2, 0, 0;3, 0, 0;
1787346960.415925975 0, 47390, 28;1, 66900, 46;2, 0, 0;3, 0, 0;
1787346962.829436694 0, 47390, 29;1, 66900, 25;2, 0, 0;3, 0, 0;
1787346965.285735102 0, 47518, 35;1, 66900, 31;2, 0, 0;3, 0, 0;
1787346967.610222728 0, 47518, 34;1, 66900, 28;2, 0, 0;3, 0, 0;
1787346969.953827573 0, 47518, 33;1, 66900, 48;2, 0, 0;3, 0, 0;
1787346972.257240723 0, 47518, 34;1, 66900, 12;2, 0, 0;3, 0, 0;
1787346974.553090150 0, 47518, 33;1, 64806, 25;2, 0, 0;3, 0, 0;
1787346976.909561424 0, 47518, 34;1, 64806, 14;2, 0, 0;3, 0, 0;
1787346979.221504211 0, 47518, 53;1, 64678, 8;2, 0, 0;3, 0, 0;
1787346981.545871069 0, 47518, 38;1, 64678, 49;2, 0, 0;3, 0, 0;
1787346983.854093553 0, 60524, 7;1, 64678, 6;2, 0, 0;3, 0, 0;
1787346986.498800175 0, 62652, 13;1, 64768, 12;2, 0, 0;3, 0, 0;
1787346989.246497438 0, 63800, 43;1, 65062, 22;2, 0, 0;3, 0, 0;
1787346991.616325072 0, 63914, 19;1, 65062, 21;2, 0, 0;3, 0, 0;
1787346993.927965690 0, 64026, 60;1, 65190, 76;2, 0, 0;3, 0, 0;
1787346996.269901617 0, 64026, 91;1, 65190, 27;2, 0, 0;3, 0, 0;
1787346998.559777593 0, 64026, 41;1, 65190, 35;2, 0, 0;3, 0, 0;
1787347000.901622454 0, 64026, 39;1, 65446, 23;2, 0, 0;3, 0, 0;
1787347003.211347647 0, 64026, 44;1, 65446, 15;2, 0, 0;3, 0, 0;
1787347005.552336436 0, 64026, 37;1, 65446, 30;2, 0, 0;3, 0, 0;
1787347007.962619495 0, 64026, 39;1, 65446, 35;2, 0, 0;3, 0, 0;
1787347010.365697975 0, 64026, 49;1, 65446, 43;2, 0, 0;3, 0, 0;
1787347012.722083871 0, 64026, 40;1, 65446, 22;2, 0, 0;3, 0, 0;
1787347015.052650343 0, 64026, 37;1, 65446, 42;2, 0, 0;3, 0, 0;
1787347017.380784440 0, 64026, 35;1, 65446, 76;2, 0, 0;3, 0, 0;
1787347019.676678457 0, 64026, 36;1, 65446, 28;2, 0, 0;3, 0, 0;
1787347021.993946030 0, 64026, 35;1, 65446, 59;2, 0, 0;3, 0, 0;
1787347024.300909011 0, 63546, 36;1, 65446, 27;2, 0, 0;3, 0, 0;
1787347026.596313501 0, 62684, 35;1, 65446, 40;2, 0, 0;3, 0, 0;
1787347029.042664498 0, 62428, 32;1, 65446, 12;2, 0, 0;3, 0, 0;
1787347031.419870830 0, 61590, 50;1, 65446, 31;2, 0, 0;3, 0, 0;
1787347033.763464162 0, 61590, 55;1, 65446, 23;2, 0, 0;3, 0, 0;
1787347036.087483085 0, 61590, 33;1, 65446, 20;2, 0, 0;3, 0, 0;
1787347038.485185161 0, 61590, 49;1, 65446, 58;2, 0, 0;3, 0, 0;
1787347040.750890068 0, 61590, 28;1, 58846, 29;2, 0, 0;3, 0, 0;
1787347053.667984514 0, 61590, 0;1, 56548, 0;2, 0, 0;3, 0, 0;
1787347058.371328753 0, 61590, 65;1, 56664, 85;2, 0, 0;3, 0, 0;
1787347060.742722987 0, 61590, 22;1, 56664, 41;2, 0, 0;3, 0, 0;
1787347063.335601060 0, 61590, 11;1, 56664, 45;2, 0, 0;3, 0, 0;
1787347066.517113946 0, 61590, 20;1, 56536, 41;2, 0, 0;3, 0, 0;
1787347069.450306687 0, 61590, 22;1, 56328, 19;2, 0, 0;3, 0, 0;
1787347072.159543155 0, 61590, 22;1, 56422, 30;2, 0, 0;3, 0, 0;
1787347074.751329339 0, 61592, 20;1, 56472, 49;2, 0, 0;3, 0, 0;
1787347077.145343610 0, 61592, 0;1, 56364, 25;2, 0, 0;3, 0, 0;
1787347079.686289362 0, 61592, 16;1, 56344, 23;2, 0, 0;3, 0, 0;
1787347082.153725446 0, 61592, 20;1, 56344, 51;2, 0, 0;3, 0, 0;
1787347084.605782841 0, 61592, 11;1, 56344, 50;2, 0, 0;3, 0, 0;
1787347086.928428685 0, 61592, 22;1, 56344, 45;2, 0, 0;3, 0, 0;
1787347089.222033830 0, 57262, 22;1, 56076, 5;2, 0, 0;3, 0, 0;
1787347091.594586407 0, 57262, 16;1, 55896, 24;2, 0, 0;3, 0, 0;
1787347093.953959521 0, 57262, 22;1, 55896, 46;2, 0, 0;3, 0, 0;
1787347096.304983776 0, 57262, 16;1, 55896, 36;2, 0, 0;3, 0, 0;
1787347098.635069502 0, 57262, 19;1, 55896, 61;2, 0, 0;3, 0, 0;
1787347100.968934437 0, 57262, 17;1, 55896, 25;2, 0, 0;3, 0, 0;
1787347103.276995667 0, 57262, 31;1, 55336, 40;2, 0, 0;3, 0, 0;
1787347105.573317895 0, 57262, 20;1, 55336, 59;2, 0, 0;3, 0, 0;
1787347107.903796460 0, 57374, 0;1, 55336, 32;2, 0, 0;3, 0, 0;
1787347110.222757414 0, 57374, 15;1, 55336, 46;2, 0, 0;3, 0, 0;
1787347112.524731407 0, 57374, 16;1, 55336, 28;2, 0, 0;3, 0, 0;
1787347114.808914583 0, 57374, 59;1, 55336, 86;2, 0, 0;3, 0, 0;
1787347117.133717554 0, 57374, 92;1, 55336, 99;2, 0, 0;3, 0, 0;
1787347119.412985068 0, 57374, 83;1, 55336, 42;2, 0, 0;3, 0, 0;
1787347121.716858521 0, 57374, 68;1, 55336, 100;2, 0, 0;3, 0, 0;
1787347123.999776525 0, 57374, 25;1, 55336, 53;2, 0, 0;3, 0, 0;
1787347126.326790559 0, 57374, 37;1, 55336, 37;2, 0, 0;3, 0, 0;
1787347128.623017541 0, 57374, 14;1, 55464, 10;2, 0, 0;3, 0, 0;
1787347130.919853940 0, 57374, 22;1, 55464, 50;2, 0, 0;3, 0, 0;
1787347133.241503109 0, 57374, 35;1, 55464, 47;2, 0, 0;3, 0, 0;
1787347135.566228622 0, 57374, 23;1, 55874, 54;2, 0, 0;3, 0, 0;
1787347137.863259717 0, 57374, 17;1, 55874, 58;2, 0, 0;3, 0, 0;
1787347140.247047160 0, 57374, 27;1, 56002, 25;2, 0, 0;3, 0, 0;
1787347142.950653928 0, 57374, 20;1, 56002, 42;2, 0, 0;3, 0, 0;
1787347145.327404194 0, 67192, 90;1, 56322, 65;2, 0, 0;3, 0, 0;
1787347147.670580299 0, 68670, 24;1, 56130, 41;2, 0, 0;3, 0, 0;
1787347149.993546109 0, 68672, 44;1, 55906, 18;2, 0, 0;3, 0, 0;
1787347152.353271157 0, 68736, 41;1, 55906, 16;2, 0, 0;3, 0, 0;
1787347154.758886208 0, 68968, 29;1, 55654, 0;2, 0, 0;3, 0, 0;
1787347157.127769565 0, 68968, 53;1, 55266, 0;2, 0, 0;3, 0, 0;
1787347159.495664087 0, 69244, 52;1, 55266, 18;2, 0, 0;3, 0, 0;
1787347161.910821832 0, 69244, 29;1, 55266, 17;2, 0, 0;3, 0, 0;
1787347164.315479103 0, 69244, 50;1, 55266, 16;2, 0, 0;3, 0, 0;
1787347166.694427719 0, 69244, 37;1, 55266, 17;2, 0, 0;3, 0, 0;
1787347169.085665726 0, 69244, 37;1, 55266, 0;2, 0, 0;3, 0, 0;
1787347171.473211948 0, 69244, 43;1, 55266, 0;2, 0, 0;3, 0, 0;
1787347173.893677079 0, 69244, 45;1, 55266, 0;2, 0, 0;3, 0, 0;
1787347176.313520958 0, 69244, 19;1, 55266, 0;2, 0, 0;3, 0, 0;
