1787163383.397769432 0, 35862, 21;1, 35882, 35;2, 0, 0;3, 0, 0;
1787163385.818562482 0, 35904, 7;1, 36474, 3;2, 0, 0;3, 0, 0;
1787163388.227336297 0, 35224, 21;1, 44306, 25;2, 0, 0;3, 0, 0;
1787163390.570041164 0, 33978, 29;1, 44526, 55;2, 0, 0;3, 0, 0;
1787163392.972994054 0, 33978, 30;1, 44526, 80;2, 0, 0;3, 0, 0;
1787163395.413239056 0, 34132, 25;1, 44900, 47;2, 0, 0;3, 0, 0;
1787163397.868681242 0, 34132, 20;1, 45182, 70;2, 0, 0;3, 0, 0;
1787163400.355173418 0, 34132, 32;1, 45294, 67;2, 0, 0;3, 0, 0;
1787163402.827542638 0, 34132, 27;1, 45294, 61;2, 0, 0;3, 0, 0;
1787163405.293226792 0, 34216, 19;1, 45576, 43;2, 0, 0;3, 0, 0;
1787163408.160328252 0, 34484, 13;1, 45576, 37;2, 0, 0;3, 0, 0;
1787163410.925939321 0, 34484, 92;1, 45688, 100;2, 0, 0;3, 0, 0;
1787163413.258760436 0, 34702, 22;1, 45800, 41;2, 0, 0;3, 0, 0;
1787163415.583469733 0, 34830, 32;1, 45866, 80;2, 0, 0;3, 0, 0;
1787163418.012469539 0, 42562, 39;1, 45912, 56;2, 0, 0;3, 0, 0;
1787163420.331843021 0, 42674, 21;1, 45912, 59;2, 0, 0;3, 0, 0;
1787163422.867243386 0, 42960, 62;1, 46104, 56;2, 0, 0;3, 0, 0;
1787163425.427918402 0, 43142, 49;1, 46300, 44;2, 0, 0;3, 0, 0;
1787163427.960034345 0, 43142, 75;1, 46236, 68;2, 0, 0;3, 0, 0;
1787163430.475105025 0, 43686, 22;1, 44240, 38;2, 0, 0;3, 0, 0;
1787163432.960787192 0, 43814, 60;1, 44304, 45;2, 0, 0;3, 0, 0;
1787163435.452848567 0, 44188, 24;1, 44384, 58;2, 0, 0;3, 0, 0;
1787163437.980077500 0, 44582, 64;1, 44384, 50;2, 0, 0;3, 0, 0;
1787163440.457496584 0, 44710, 100;1, 44272, 71;2, 0, 0;3, 0, 0;
1787163442.932359351 0, 45350, 27;1, 44272, 39;2, 0, 0;3, 0, 0;
1787163445.426172027 0, 45906, 68;1, 44272, 37;2, 0, 0;3, 0, 0;
1787163447.899913717 0, 46016, 78;1, 44048, 30;2, 0, 0;3, 0, 0;
1787163450.400790380 0, 46970, 18;1, 47540, 41;2, 0, 0;3, 0, 0;
1787163452.881130575 0, 47226, 46;1, 47768, 46;2, 0, 0;3, 0, 0;
1787163455.450630661 0, 47226, 57;1, 47896, 39;2, 0, 0;3, 0, 0;
1787163457.966913103 0, 47226, 63;1, 48012, 31;2, 0, 0;3, 0, 0;
1787163460.483049851 0, 47098, 47;1, 48012, 34;2, 0, 0;3, 0, 0;
1787163462.993610687 0, 45654, 60;1, 48012, 70;2, 0, 0;3, 0, 0;
1787163465.476243843 0, 45814, 44;1, 48012, 33;2, 0, 0;3, 0, 0;
1787163467.933190592 0, 46070, 62;1, 48012, 58;2, 0, 0;3, 0, 0;
1787163470.435426115 0, 46070, 35;1, 48012, 43;2, 0, 0;3, 0, 0;
1787163472.730461832 0, 46070, 48;1, 48082, 62;2, 0, 0;3, 0, 0;
1787163475.336798299 0, 46070, 25;1, 48082, 33;2, 0, 0;3, 0, 0;
1787163477.876796559 0, 46072, 54;1, 46354, 33;2, 0, 0;3, 0, 0;
1787163480.388902979 0, 46072, 64;1, 46354, 46;2, 0, 0;3, 0, 0;
1787163482.909118941 0, 45944, 73;1, 52524, 48;2, 0, 0;3, 0, 0;
1787163486.006048833 0, 45846, 18;1, 54086, 52;2, 0, 0;3, 0, 0;
1787163488.834891644 0, 45816, 71;1, 54234, 54;2, 0, 0;3, 0, 0;
1787163491.748215936 0, 45268, 29;1, 54680, 55;2, 0, 0;3, 0, 0;
1787163494.372195042 0, 36942, 52;1, 54680, 51;2, 0, 0;3, 0, 0;
1787163496.867607456 0, 36686, 30;1, 54680, 61;2, 0, 0;3, 0, 0;
1787163499.379190136 0, 36532, 1;1, 54680, 41;2, 0, 0;3, 0, 0;
1787163501.861898784 0, 36302, 0;1, 55128, 33;2, 0, 0;3, 0, 0;
1787163504.380799671 0, 50670, 100;1, 56226, 95;2, 0, 0;3, 0, 0;
1787163506.869625635 0, 52382, 71;1, 56024, 55;2, 0, 0;3, 0, 0;
1787163509.438219081 0, 52340, 37;1, 56514, 10;2, 0, 0;3, 0, 0;
1787163511.953612404 0, 51572, 42;1, 56850, 3;2, 0, 0;3, 0, 0;
1787163514.426598593 0, 58058, 26;1, 57298, 41;2, 0, 0;3, 0, 0;
1787163516.966814074 0, 59146, 49;1, 52530, 20;2, 0, 0;3, 0, 0;
1787163519.403174646 0, 59258, 54;1, 48510, 33;2, 0, 0;3, 0, 0;
1787163521.702498655 0, 59258, 43;1, 48612, 58;2, 0, 0;3, 0, 0;
1787163524.065461439 0, 59258, 37;1, 48848, 14;2, 0, 0;3, 0, 0;
1787163526.483831204 0, 59258, 72;1, 48848, 14;2, 0, 0;3, 0, 0;
1787163528.815854161 0, 59244, 19;1, 48848, 20;2, 0, 0;3, 0, 0;
1787163531.258622853 0, 59244, 61;1, 48848, 16;2, 0, 0;3, 0, 0;
1787163533.507917487 0, 59244, 64;1, 48848, 57;2, 0, 0;3, 0, 0;
1787163535.983875171 0, 59244, 73;1, 45730, 25;2, 0, 0;3, 0, 0;
1787163538.399139460 0, 59244, 62;1, 45730, 24;2, 0, 0;3, 0, 0;
1787163540.913762864 0, 59244, 55;1, 45730, 18;2, 0, 0;3, 0, 0;
1787163543.420390842 0, 59244, 58;1, 45730, 18;2, 0, 0;3, 0, 0;
1787163545.948983555 0, 61744, 49;1, 45492, 0;2, 0, 0;3, 0, 0;
1787163548.463666653 0, 62970, 49;1, 35216, 21;2, 0, 0;3, 0, 0;
1787163550.793692738 0, 59244, 73;1, 35216, 23;2, 0, 0;3, 0, 0;
1787163553.314819551 0, 59088, 33;1, 35216, 18;2, 0, 0;3, 0, 0;
1787163555.760078825 0, 48282, 74;1, 35216, 21;2, 0, 0;3, 0, 0;
1787163558.080809238 0, 48282, 30;1, 35216, 16;2, 0, 0;3, 0, 0;
1787163560.397605533 0, 48282, 38;1, 38632, 12;2, 0, 0;3, 0, 0;
1787163562.918952648 0, 48282, 23;1, 40528, 29;2, 0, 0;3, 0, 0;
1787163566.024703940 0, 48618, 66;1, 40192, 71;2, 0, 0;3, 0, 0;
1787163568.351570465 0, 48730, 68;1, 39184, 54;2, 0, 0;3, 0, 0;
1787163570.681155782 0, 48730, 52;1, 39184, 46;2, 0, 0;3, 0, 0;
1787163573.004746218 0, 48842, 24;1, 39296, 23;2, 0, 0;3, 0, 0;
1787163575.288839425 0, 48954, 55;1, 39296, 47;2, 0, 0;3, 0, 0;
1787163577.721895210 0, 49066, 64;1, 39184, 49;2, 0, 0;3, 0, 0;
1787163580.081718150 0, 49290, 45;1, 43596, 31;2, 0, 0;3, 0, 0;
1787163582.595960487 0, 49402, 49;1, 55670, 37;2, 0, 0;3, 0, 0;
1787163585.185143385 0, 49402, 70;1, 56074, 64;2, 0, 0;3, 0, 0;
1787163587.729387237 0, 49626, 55;1, 56926, 37;2, 0, 0;3, 0, 0;
1787163590.214285358 0, 49818, 64;1, 56926, 74;2, 0, 0;3, 0, 0;
1787163592.749517680 0, 49850, 58;1, 56926, 64;2, 0, 0;3, 0, 0;
1787163595.275414985 0, 50074, 35;1, 56926, 48;2, 0, 0;3, 0, 0;
1787163597.848720546 0, 50298, 51;1, 56926, 58;2, 0, 0;3, 0, 0;
1787163600.346282690 0, 50772, 34;1, 56926, 38;2, 0, 0;3, 0, 0;
1787163602.798482915 0, 51086, 46;1, 56926, 62;2, 0, 0;3, 0, 0;
1787163605.312230092 0, 51086, 37;1, 56926, 78;2, 0, 0;3, 0, 0;
1787163607.759826466 0, 51086, 49;1, 56926, 77;2, 0, 0;3, 0, 0;
1787163610.191278331 0, 51086, 39;1, 56926, 93;2, 0, 0;3, 0, 0;
1787163612.633788563 0, 51086, 29;1, 57054, 59;2, 0, 0;3, 0, 0;
1787163615.080626120 0, 51086, 21;1, 57054, 79;2, 0, 0;3, 0, 0;
1787163617.566908371 0, 51086, 24;1, 57054, 66;2, 0, 0;3, 0, 0;
1787163620.097769013 0, 50526, 46;1, 57054, 41;2, 0, 0;3, 0, 0;
1787163622.577124828 0, 50526, 46;1, 57054, 65;2, 0, 0;3, 0, 0;
1787163624.917828172 0, 50526, 29;1, 57166, 62;2, 0, 0;3, 0, 0;
1787163627.394376689 0, 50414, 29;1, 57166, 60;2, 0, 0;3, 0, 0;
1787163629.849070597 0, 50190, 64;1, 57166, 75;2, 0, 0;3, 0, 0;
1787163632.390478837 0, 50078, 41;1, 57166, 36;2, 0, 0;3, 0, 0;
1787163634.806805949 0, 50078, 37;1, 57168, 82;2, 0, 0;3, 0, 0;
1787163637.266908421 0, 50078, 24;1, 57168, 48;2, 0, 0;3, 0, 0;
1787163640.147903035 0, 52476, 15;1, 57168, 43;2, 0, 0;3, 0, 0;
1787163643.290999319 0, 57976, 20;1, 57168, 80;2, 0, 0;3, 0, 0;
1787163645.751820306 0, 58276, 64;1, 57296, 72;2, 0, 0;3, 0, 0;
1787163648.038673414 0, 58584, 25;1, 57296, 63;2, 0, 0;3, 0, 0;
1787163650.525807631 0, 59128, 50;1, 57296, 63;2, 0, 0;3, 0, 0;
1787163653.017217632 0, 59128, 37;1, 57296, 69;2, 0, 0;3, 0, 0;
1787163655.621488918 0, 59558, 30;1, 57296, 61;2, 0, 0;3, 0, 0;
1787163658.173524915 0, 59538, 61;1, 48914, 50;2, 0, 0;3, 0, 0;
1787163660.671289772 0, 59586, 24;1, 57792, 48;2, 0, 0;3, 0, 0;
1787163663.152460249 0, 60118, 17;1, 57810, 30;2, 0, 0;3, 0, 0;
1787163665.621923866 0, 60454, 58;1, 57812, 76;2, 0, 0;3, 0, 0;
1787163668.166183083 0, 60454, 68;1, 57812, 59;2, 0, 0;3, 0, 0;
1787163670.670315753 0, 60342, 51;1, 57812, 79;2, 0, 0;3, 0, 0;
1787163673.150685561 0, 60342, 37;1, 57812, 54;2, 0, 0;3, 0, 0;
1787163675.763658026 0, 60342, 34;1, 74020, 44;2, 0, 0;3, 0, 0;
1787163678.228938416 0, 60230, 46;1, 74278, 69;2, 0, 0;3, 0, 0;
1787163680.729899054 0, 60136, 45;1, 74344, 66;2, 0, 0;3, 0, 0;
1787163683.251629883 0, 60118, 58;1, 74530, 94;2, 0, 0;3, 0, 0;
1787163685.853197621 0, 59330, 14;1, 74662, 60;2, 0, 0;3, 0, 0;
1787163688.362951508 0, 49574, 31;1, 74662, 60;2, 0, 0;3, 0, 0;
1787163690.895135689 0, 49462, 13;1, 74664, 49;2, 0, 0;3, 0, 0;
1787163693.426144826 0, 49350, 25;1, 74664, 84;2, 0, 0;3, 0, 0;
1787163695.925088090 0, 49126, 16;1, 74664, 69;2, 0, 0;3, 0, 0;
1787163698.391501818 0, 48902, 18;1, 74664, 70;2, 0, 0;3, 0, 0;
1787163700.874088201 0, 48678, 16;1, 74664, 73;2, 0, 0;3, 0, 0;
1787163703.361356530 0, 48566, 15;1, 74664, 45;2, 0, 0;3, 0, 0;
1787163705.845960514 0, 48342, 17;1, 74776, 72;2, 0, 0;3, 0, 0;
1787163708.366668914 0, 48342, 13;1, 74776, 51;2, 0, 0;3, 0, 0;
1787163710.837345911 0, 48342, 21;1, 74776, 69;2, 0, 0;3, 0, 0;
1787163713.395499399 0, 48344, 19;1, 74776, 69;2, 0, 0;3, 0, 0;
1787163715.870112769 0, 48344, 17;1, 74776, 72;2, 0, 0;3, 0, 0;
1787163718.962581334 0, 48344, 23;1, 74776, 72;2, 0, 0;3, 0, 0;
1787163721.633522249 0, 48828, 8;1, 74776, 42;2, 0, 0;3, 0, 0;
1787163724.145155705 0, 49016, 23;1, 74776, 82;2, 0, 0;3, 0, 0;
1787163726.699521607 0, 49016, 14;1, 75160, 73;2, 0, 0;3, 0, 0;
1787163729.178569336 0, 51476, 11;1, 75670, 43;2, 0, 0;3, 0, 0;
1787163731.813202586 0, 52954, 45;1, 76468, 44;2, 0, 0;3, 0, 0;
1787163734.313156236 0, 66696, 7;1, 76852, 49;2, 0, 0;3, 0, 0;
1787163736.960653633 0, 66570, 6;1, 76980, 86;2, 0, 0;3, 0, 0;
1787163739.486464021 0, 66570, 10;1, 76980, 88;2, 0, 0;3, 0, 0;
1787163742.001850521 0, 66634, 7;1, 77138, 81;2, 0, 0;3, 0, 0;
1787163744.492355509 0, 66634, 7;1, 77138, 77;2, 0, 0;3, 0, 0;
1787163747.005556172 0, 66634, 10;1, 46350, 100;2, 0, 0;3, 0, 0;
1787163749.501565775 0, 66634, 9;1, 47230, 33;2, 0, 0;3, 0, 0;
1787163752.002713186 0, 66634, 5;1, 47358, 65;2, 0, 0;3, 0, 0;
1787163754.497839565 0, 66634, 5;1, 47358, 58;2, 0, 0;3, 0, 0;
1787163757.065680040 0, 66634, 9;1, 47742, 84;2, 0, 0;3, 0, 0;
1787163759.636265078 0, 66634, 29;1, 47870, 76;2, 0, 0;3, 0, 0;
1787163761.974132198 0, 66634, 10;1, 47870, 54;2, 0, 0;3, 0, 0;
1787163764.300210678 0, 66698, 9;1, 47870, 78;2, 0, 0;3, 0, 0;
1787163766.741693513 0, 66698, 10;1, 47870, 83;2, 0, 0;3, 0, 0;
1787163769.110573609 0, 75176, 7;1, 47998, 40;2, 0, 0;3, 0, 0;
1787163771.633316402 0, 75270, 28;1, 48638, 40;2, 0, 0;3, 0, 0;
1787163774.184049180 0, 75356, 46;1, 48894, 75;2, 0, 0;3, 0, 0;
1787163776.735796027 0, 75406, 47;1, 48894, 68;2, 0, 0;3, 0, 0;
1787163779.404653231 0, 75618, 35;1, 48894, 75;2, 0, 0;3, 0, 0;
1787163781.941256921 0, 75620, 37;1, 49534, 39;2, 0, 0;3, 0, 0;
1787163784.580273304 0, 75452, 37;1, 47270, 10;2, 0, 0;3, 0, 0;
1787163787.170496877 0, 37096, 100;1, 47544, 51;2, 0, 0;3, 0, 0;
1787163789.611384138 0, 37096, 42;1, 47800, 54;2, 0, 0;3, 0, 0;
1787163792.169775276 0, 37096, 36;1, 47800, 65;2, 0, 0;3, 0, 0;
1787163794.964501644 0, 37350, 30;1, 47800, 29;2, 0, 0;3, 0, 0;
1787163798.049193966 0, 37474, 46;1, 47800, 68;2, 0, 0;3, 0, 0;
1787163800.380861835 0, 40454, 36;1, 47800, 42;2, 0, 0;3, 0, 0;
1787163802.870533967 0, 57296, 62;1, 48322, 73;2, 0, 0;3, 0, 0;
1787163805.423568640 0, 60538, 50;1, 47800, 59;2, 0, 0;3, 0, 0;
1787163807.771733422 0, 60540, 59;1, 47800, 45;2, 0, 0;3, 0, 0;
1787163810.234857477 0, 60540, 60;1, 47800, 66;2, 0, 0;3, 0, 0;
1787163812.780108313 0, 60540, 40;1, 47564, 32;2, 0, 0;3, 0, 0;
1787163815.138347927 0, 60540, 48;1, 43732, 0;2, 0, 0;3, 0, 0;
1787163817.636459284 0, 60540, 47;1, 42114, 0;2, 0, 0;3, 0, 0;
1787163820.016793782 0, 60540, 23;1, 41072, 25;2, 0, 0;3, 0, 0;
1787163822.535441849 0, 60428, 0;1, 38768, 0;2, 0, 0;3, 0, 0;
