1787373301.081085395 0, 33404, 0;1, 33428, 0;
1787373303.315487541 0, 33846, 61;1, 33842, 45;
1787373305.560261864 0, 33846, 81;1, 33864, 96;
1787373307.762614828 0, 34036, 99;1, 33904, 100;
1787373309.943026787 0, 34178, 100;1, 34400, 100;
1787373312.111862590 0, 34208, 100;1, 34400, 100;
1787373314.304600798 0, 34708, 100;1, 34402, 100;
1787373316.471759648 0, 35054, 100;1, 34406, 100;
1787373318.634799101 0, 35054, 100;1, 34646, 100;
1787373320.814366720 0, 35402, 100;1, 34646, 100;
1787373322.997474152 0, 35402, 100;1, 35068, 100;
1787373325.187964922 0, 35402, 100;1, 35198, 100;
1787373327.355370479 0, 35518, 98;1, 35534, 100;
1787373329.534371252 0, 35690, 44;1, 35634, 59;
1787373331.704045343 0, 35690, 100;1, 35662, 99;
1787373333.877497928 0, 35690, 100;1, 35662, 100;
1787373336.035854823 0, 35690, 100;1, 35550, 100;
1787373338.217271929 0, 35690, 99;1, 35438, 100;
1787373340.418460652 0, 35690, 100;1, 35528, 100;
1787373342.631302732 0, 35690, 100;1, 35782, 100;
1787373344.851534719 0, 35690, 100;1, 35782, 100;
1787373347.051328322 0, 35692, 100;1, 35782, 100;
1787373349.289827547 0, 35692, 100;1, 35782, 100;
1787373351.495887589 0, 35692, 100;1, 35782, 99;
1787373353.723890904 0, 35692, 100;1, 35782, 100;
1787373355.952328431 0, 35692, 100;1, 35882, 100;
1787373358.138417690 0, 35692, 100;1, 35994, 99;
1787373360.339139373 0, 35692, 100;1, 35994, 100;
1787373362.545323822 0, 35692, 100;1, 35994, 100;
1787373364.759536193 0, 35692, 100;1, 35994, 100;
1787373366.983301274 0, 35692, 99;1, 35994, 100;
1787373369.189809500 0, 35692, 100;1, 35994, 100;
1787373371.390755788 0, 35858, 100;1, 35994, 100;
1787373373.608409262 0, 35858, 100;1, 35994, 100;
1787373375.852150788 0, 35858, 100;1, 35994, 100;
1787373378.026206932 0, 35966, 100;1, 35994, 100;
1787373380.205613018 0, 35968, 100;1, 35994, 100;
1787373382.388468663 0, 35968, 60;1, 35994, 64;
1787373384.735632411 0, 35968, 100;1, 35994, 100;
1787373386.929793984 0, 35968, 99;1, 35882, 100;
1787373389.119293037 0, 35968, 99;1, 35770, 100;
1787373391.265541260 0, 35840, 99;1, 35770, 100;
1787373393.446292358 0, 36054, 99;1, 35770, 100;
1787373395.637819276 0, 36054, 99;1, 35770, 100;
1787373397.797037055 0, 36054, 99;1, 35770, 100;
1787373399.995249900 0, 36054, 100;1, 35770, 100;
1787373402.155683805 0, 36054, 98;1, 35770, 100;
1787373404.338143593 0, 36054, 100;1, 35770, 99;
1787373406.496037448 0, 36054, 100;1, 35770, 100;
1787373408.659418337 0, 36182, 99;1, 35770, 100;
1787373410.842482871 0, 36182, 100;1, 35770, 100;
1787373413.002888417 0, 36182, 100;1, 35770, 100;
1787373415.143283202 0, 36182, 100;1, 35770, 100;
1787373417.319076736 0, 36182, 98;1, 35770, 100;
1787373419.482793377 0, 36182, 99;1, 35882, 100;
1787373421.664645063 0, 36182, 98;1, 35882, 100;
1787373423.859675138 0, 36182, 100;1, 35882, 100;
1787373426.018580547 0, 36182, 72;1, 35882, 81;
1787373428.287842992 0, 36182, 100;1, 35882, 100;
1787373430.497893117 0, 36182, 100;1, 35882, 100;
1787373432.719890861 0, 36182, 100;1, 35882, 100;
1787373434.957911774 0, 36234, 100;1, 35882, 100;
1787373437.184200787 0, 36234, 100;1, 35882, 100;
1787373439.423224826 0, 36234, 99;1, 35882, 100;
1787373441.646848127 0, 36234, 100;1, 35882, 100;
1787373443.868623290 0, 36234, 99;1, 35882, 100;
1787373446.066397614 0, 36234, 100;1, 35882, 100;
1787373448.295838510 0, 36234, 98;1, 35882, 100;
1787373450.498543328 0, 36234, 100;1, 35882, 100;
1787373452.720396559 0, 36234, 100;1, 35882, 100;
1787373454.906346026 0, 36234, 100;1, 35882, 100;
1787373457.108309801 0, 36234, 100;1, 35882, 100;
1787373459.308984462 0, 36234, 95;1, 36312, 67;
1787373461.605206311 0, 36234, 100;1, 36312, 100;
1787373463.796000260 0, 36234, 100;1, 36312, 100;
1787373466.018098787 0, 36234, 0;1, 36312, 6;
1787373468.542880238 0, 36234, 12;1, 36312, 21;
1787373471.239886111 0, 36234, 0;1, 36312, 14;
1787373473.935394985 0, 36234, 10;1, 36312, 1;
1787373476.638076332 0, 36234, 4;1, 36312, 44;
1787373479.264033743 0, 36234, 7;1, 36312, 0;
1787373482.001466722 0, 36234, 8;1, 36312, 64;
1787373484.639899007 0, 36618, 10;1, 36312, 36;
1787373487.338691934 0, 36618, 11;1, 36312, 28;
1787373490.002425783 0, 36618, 14;1, 36576, 72;
1787373492.602261001 0, 36694, 15;1, 36576, 81;
1787373495.196592742 0, 36694, 14;1, 36576, 52;
1787373497.874346878 0, 37034, 3;1, 36576, 0;
1787373500.555121738 0, 37462, 0;1, 36662, 0;
1787373503.286346518 0, 37462, 6;1, 36688, 24;
1787373505.936214954 0, 37462, 0;1, 36906, 10;
1787373508.557713140 0, 37462, 15;1, 36906, 8;
1787373511.183556361 0, 37462, 14;1, 37076, 0;
1787373513.863295715 0, 37462, 6;1, 37076, 0;
1787373516.415677380 0, 37462, 14;1, 37076, 70;
1787373518.946146484 0, 37462, 9;1, 37076, 0;
1787373521.488447254 0, 37462, 14;1, 37076, 0;
1787373524.030680907 0, 37462, 2;1, 37076, 34;
1787373526.681436841 0, 37462, 9;1, 37076, 0;
1787373529.245299004 0, 37462, 14;1, 37076, 17;
1787373531.775531212 0, 37462, 17;1, 37076, 0;
1787373534.334143454 0, 37334, 14;1, 37076, 13;
1787373536.840783113 0, 37334, 15;1, 37076, 99;
1787373539.616301464 0, 37334, 6;1, 37076, 53;
1787373542.303893917 0, 37334, 14;1, 37076, 92;
1787373544.781682492 0, 36950, 14;1, 37076, 0;
1787373547.335707459 0, 36822, 13;1, 37076, 25;
1787373549.878683122 0, 36822, 3;1, 37076, 0;
1787373552.470111480 0, 36822, 6;1, 37076, 46;
1787373555.000560121 0, 36822, 11;1, 37076, 13;
1787373557.540814456 0, 36822, 11;1, 37076, 61;
1787373560.150293602 0, 36822, 2;1, 37076, 24;
1787373562.740144403 0, 36822, 14;1, 37076, 40;
1787373565.271264935 0, 36822, 6;1, 37076, 0;
1787373567.837136055 0, 36822, 14;1, 37076, 63;
1787373570.435007374 0, 36822, 0;1, 37076, 30;
1787373572.972949275 0, 36914, 7;1, 37188, 0;
1787373575.750590505 0, 36914, 13;1, 37188, 58;
1787373578.303290697 0, 36914, 7;1, 37188, 0;
1787373580.823461535 0, 36914, 14;1, 37188, 70;
1787373583.302797450 0, 36914, 7;1, 37188, 9;
1787373585.922123482 0, 36914, 0;1, 37188, 43;
1787373588.479670655 0, 36914, 9;1, 37188, 51;
1787373591.017759365 0, 36914, 17;1, 37188, 47;
1787373593.607261140 0, 36914, 14;1, 37188, 63;
1787373596.169416148 0, 36914, 7;1, 37188, 0;
1787373598.674937013 0, 36914, 14;1, 37188, 29;
1787373601.227470498 0, 37042, 2;1, 37076, 87;
1787373603.491317198 0, 37298, 3;1, 37076, 31;
1787373606.048869302 0, 37298, 3;1, 37076, 0;
1787373608.830726239 0, 37298, 0;1, 37076, 18;
1787373611.603460364 0, 37298, 13;1, 37076, 70;
1787373614.321557372 0, 37298, 0;1, 37076, 0;
1787373617.367507583 0, 37298, 60;1, 37252, 57;
1787373619.980730304 0, 37298, 87;1, 37252, 5;
1787373622.180194389 0, 37340, 0;1, 37252, 13;
1787373624.936338908 0, 38066, 0;1, 37364, 51;
1787373627.758992494 0, 38066, 16;1, 37364, 54;
1787373630.472270812 0, 38066, 4;1, 37364, 0;
1787373633.147039684 0, 38066, 8;1, 37364, 15;
1787373635.850068937 0, 38066, 14;1, 37364, 0;
1787373638.570696156 0, 38066, 9;1, 37364, 16;
1787373641.270350753 0, 38160, 7;1, 37364, 0;
1787373644.123702715 0, 38160, 0;1, 37364, 4;
1787373646.905702044 0, 38160, 20;1, 37364, 13;
1787373649.700365895 0, 38160, 0;1, 37364, 3;
1787373651.921592889 0, 38160, 0;1, 37364, 23;
1787373654.680025806 0, 38160, 12;1, 37364, 29;
1787373657.518910047 0, 38032, 8;1, 37364, 28;
1787373660.307415632 0, 37904, 8;1, 37364, 54;
1787373663.048943843 0, 37904, 7;1, 37364, 0;
1787373665.837975169 0, 37904, 14;1, 37364, 0;
1787373668.676115331 0, 37904, 23;1, 37252, 9;
1787373671.481102935 0, 37922, 14;1, 37252, 0;
1787373674.278391470 0, 38054, 2;1, 37140, 3;
1787373677.051631432 0, 38054, 7;1, 37140, 44;
1787373679.815288152 0, 38054, 4;1, 37140, 24;
1787373682.580993830 0, 38054, 9;1, 37252, 0;
1787373685.336148429 0, 38054, 4;1, 37252, 0;
1787373688.172015312 0, 38054, 14;1, 37252, 0;
1787373690.952580096 0, 38054, 43;1, 37252, 0;
1787373694.129917103 0, 38054, 41;1, 37252, 39;
1787373696.838810449 0, 38054, 100;1, 37252, 2;
1787373699.067381923 0, 38054, 14;1, 37252, 49;
1787373701.724671981 0, 38164, 6;1, 37252, 100;
1787373704.553452321 0, 38308, 14;1, 37252, 25;
1787373707.293357121 0, 38308, 9;1, 37252, 100;
1787373710.113066166 0, 38308, 2;1, 37252, 93;
1787373712.849383760 0, 38308, 0;1, 37252, 75;
1787373715.655838493 0, 38308, 2;1, 37252, 56;
1787373718.453726971 0, 38308, 1;1, 37376, 0;
1787373721.377442754 0, 38052, 14;1, 37476, 24;
1787373724.191977256 0, 37898, 12;1, 37476, 34;
1787373727.067736076 0, 37796, 12;1, 37476, 0;
1787373729.801278688 0, 37796, 11;1, 37364, 11;
1787373732.533968229 0, 37668, 23;1, 37364, 41;
1787373735.320299685 0, 37412, 6;1, 37364, 5;
1787373738.051773118 0, 37258, 5;1, 36468, 0;
