1787211728.225408440 0, 35432, 0;1, 35446, 0;
1787211730.414453199 0, 35864, 0;1, 35924, 0;
1787211732.580624142 0, 36020, 98;1, 36150, 63;
1787211734.774575462 0, 36120, 98;1, 36152, 64;
1787211736.957760028 0, 36158, 98;1, 44504, 0;
1787211739.140950914 0, 36158, 99;1, 44712, 98;
1787211741.325367365 0, 36222, 99;1, 44776, 98;
1787211743.516560748 0, 34304, 56;1, 44888, 96;
1787211745.681805109 0, 34304, 7;1, 45000, 19;
1787211748.508189960 0, 34304, 53;1, 45144, 98;
1787211750.696804108 0, 34304, 53;1, 45946, 92;
1787211752.884157422 0, 34304, 52;1, 45946, 96;
1787211755.027655759 0, 34304, 49;1, 46022, 98;
1787211757.194140085 0, 34304, 52;1, 46022, 98;
1787211759.356721531 0, 34374, 46;1, 46022, 98;
1787211761.546358384 0, 34374, 28;1, 46022, 82;
1787211763.869370964 0, 34374, 50;1, 45910, 98;
1787211766.019306288 0, 34374, 49;1, 45992, 97;
1787211768.185578164 0, 48998, 99;1, 45992, 99;
1787211770.380904343 0, 50602, 53;1, 44256, 98;
1787211772.573192611 0, 50602, 51;1, 44256, 98;
1787211774.765080358 0, 50602, 48;1, 44256, 79;
1787211777.197262762 0, 50602, 33;1, 44256, 54;
1787211779.396964658 0, 50602, 49;1, 44032, 98;
1787211781.568553969 0, 50602, 49;1, 44032, 98;
1787211783.736444088 0, 32616, 100;1, 42276, 98;
1787211785.918851204 0, 32680, 52;1, 42278, 98;
1787211788.086613954 0, 32680, 33;1, 42278, 93;
1787211790.259740132 0, 32680, 50;1, 42278, 98;
1787211792.427212253 0, 32680, 50;1, 42278, 98;
1787211794.591621808 0, 32680, 50;1, 42278, 98;
1787211796.740024798 0, 32680, 0;1, 42278, 98;
1787211798.921387444 0, 32680, 51;1, 42278, 98;
1787211801.089528526 0, 32680, 50;1, 42278, 98;
1787211803.273460261 0, 32680, 49;1, 42278, 97;
1787211805.459268404 0, 32680, 49;1, 42278, 98;
1787211807.603380423 0, 32680, 49;1, 42278, 98;
1787211809.766173378 0, 32680, 49;1, 42278, 99;
1787211811.952583712 0, 32680, 50;1, 42390, 97;
1787211814.099080928 0, 32680, 37;1, 42390, 86;
1787211816.392944124 0, 32680, 53;1, 42390, 98;
1787211818.544683963 0, 32680, 50;1, 42390, 99;
1787211820.730051923 0, 32680, 0;1, 42390, 98;
1787211822.892957650 0, 39268, 0;1, 42710, 69;
1787211825.081905318 0, 74022, 19;1, 42390, 64;
1787211827.233597604 0, 76654, 89;1, 41628, 66;
1787211829.413216386 0, 76984, 100;1, 24298, 93;
1787211831.605297826 0, 76984, 99;1, 24298, 97;
1787211833.775954822 0, 76984, 100;1, 24298, 98;
1787211835.965555812 0, 76984, 99;1, 24298, 65;
1787211838.114978644 0, 76984, 100;1, 24298, 98;
1787211840.305394068 0, 76984, 94;1, 24298, 98;
1787211842.614187962 0, 76984, 100;1, 24298, 98;
1787211844.785772637 0, 76984, 100;1, 24298, 67;
1787211846.957830977 0, 76984, 99;1, 24298, 63;
1787211849.133353323 0, 76984, 90;1, 24298, 63;
1787211851.303578149 0, 76984, 66;1, 24298, 60;
1787211853.470459962 0, 76984, 72;1, 39502, 99;
1787211855.761438651 0, 74594, 90;1, 42302, 100;
1787211857.937653091 0, 74594, 91;1, 44922, 100;
1787211860.117772882 0, 74594, 92;1, 47066, 100;
1787211862.292520057 0, 74594, 91;1, 47564, 100;
1787211864.469706342 0, 74482, 92;1, 47308, 99;
1787211866.662267760 0, 74482, 77;1, 47180, 64;
1787211868.912225476 0, 57546, 100;1, 47054, 93;
1787211871.079501618 0, 57546, 91;1, 47054, 99;
1787211873.232258328 0, 57434, 92;1, 46926, 99;
1787211875.412851356 0, 57434, 92;1, 46926, 99;
1787211877.611521826 0, 57434, 26;1, 46798, 89;
1787211879.795556819 0, 57434, 91;1, 45390, 99;
1787211881.984471184 0, 57434, 89;1, 45390, 99;
1787211884.182892179 0, 64314, 92;1, 45262, 99;
1787211886.377016647 0, 65656, 99;1, 45262, 99;
1787211888.529954043 0, 65932, 99;1, 45262, 99;
1787211890.698195360 0, 65932, 99;1, 44910, 97;
1787211892.848030326 0, 65932, 99;1, 42024, 65;
1787211895.128904685 0, 66044, 100;1, 41768, 92;
1787211897.320487969 0, 66044, 99;1, 41384, 93;
1787211899.516287127 0, 66044, 100;1, 41256, 99;
1787211901.686396965 0, 66118, 99;1, 41128, 99;
1787211903.872881575 0, 66118, 99;1, 41128, 99;
1787211906.022500715 0, 66230, 99;1, 41128, 92;
1787211908.175175234 0, 66230, 99;1, 41128, 99;
1787211910.359679529 0, 66230, 99;1, 41128, 99;
1787211912.534272191 0, 66504, 99;1, 44106, 99;
1787211914.724577202 0, 66006, 99;1, 54612, 100;
1787211916.895272815 0, 65782, 61;1, 55044, 100;
1787211919.062546469 0, 69696, 98;1, 54662, 100;
1787211921.341987845 0, 69696, 50;1, 54536, 100;
1787211923.498303421 0, 69696, 51;1, 54536, 100;
1787211925.691902067 0, 69696, 99;1, 52858, 99;
1787211927.880268736 0, 69696, 99;1, 52858, 100;
1787211930.053601480 0, 69760, 44;1, 52858, 91;
1787211932.261882597 0, 69760, 90;1, 53002, 100;
1787211934.441308147 0, 69760, 98;1, 52874, 99;
1787211936.639639891 0, 69760, 0;1, 52874, 99;
1787211938.836268685 0, 69824, 50;1, 52874, 99;
1787211940.989671356 0, 69824, 99;1, 52874, 100;
1787211943.188875560 0, 69824, 99;1, 52874, 99;
1787211945.364572189 0, 69824, 64;1, 52874, 89;
1787211947.661603953 0, 69824, 52;1, 52874, 99;
1787211949.854813929 0, 69824, 50;1, 52874, 99;
1787211952.028466435 0, 69824, 58;1, 52874, 100;
1787211954.202003656 0, 69824, 50;1, 52874, 99;
1787211956.381077516 0, 69824, 24;1, 52874, 99;
1787211958.553394218 0, 69824, 99;1, 52874, 100;
1787211960.729464100 0, 68704, 53;1, 52874, 100;
1787211962.924918581 0, 51324, 50;1, 52874, 100;
1787211965.113401197 0, 51324, 0;1, 53130, 99;
1787211967.281613655 0, 74446, 100;1, 53924, 100;
1787211969.456358653 0, 76276, 99;1, 53712, 99;
1787211971.643488334 0, 76686, 95;1, 54666, 100;
1787211973.895646808 0, 76800, 100;1, 53694, 97;
1787211976.089125209 0, 77024, 99;1, 51098, 94;
1787211978.280461697 0, 77190, 100;1, 51098, 93;
1787211980.455159633 0, 77190, 99;1, 51098, 93;
1787211982.646887884 0, 77190, 99;1, 50970, 92;
1787211984.825603388 0, 77190, 99;1, 50970, 92;
1787211987.027158702 0, 77374, 99;1, 50842, 93;
1787211989.218890887 0, 77374, 97;1, 50330, 89;
1787211991.386474822 0, 77374, 99;1, 50330, 89;
1787211993.574512624 0, 77374, 99;1, 50202, 92;
1787211995.726446313 0, 77374, 91;1, 50202, 92;
1787211997.926354075 0, 77374, 92;1, 50202, 65;
1787212000.114021809 0, 77374, 92;1, 50202, 98;
1787212002.284033650 0, 77374, 90;1, 50202, 92;
1787212004.451197703 0, 77374, 93;1, 50330, 93;
1787212006.643898953 0, 77374, 93;1, 50330, 92;
1787212008.844554794 0, 77374, 58;1, 50458, 57;
1787212011.048318041 0, 77374, 93;1, 50458, 93;
1787212013.236167776 0, 77374, 93;1, 50458, 91;
1787212015.422239382 0, 71314, 94;1, 48646, 94;
1787212017.624465854 0, 72838, 100;1, 48646, 91;
1787212019.776648825 0, 72838, 100;1, 48646, 92;
1787212021.930222588 0, 72838, 100;1, 48390, 93;
1787212024.078875729 0, 72838, 99;1, 48390, 93;
1787212026.247279757 0, 72838, 99;1, 53676, 93;
1787212028.439241210 0, 72838, 100;1, 53788, 48;
1787212030.610214117 0, 73158, 99;1, 60368, 70;
1787212032.785066418 0, 63150, 100;1, 62112, 99;
1787212034.957178219 0, 63486, 94;1, 62112, 63;
1787212037.128923772 0, 63486, 99;1, 62112, 99;
1787212039.328327896 0, 63486, 99;1, 62112, 99;
1787212041.480499418 0, 63486, 99;1, 62112, 48;
1787212043.669909727 0, 63486, 99;1, 62112, 100;
1787212045.851108660 0, 63486, 99;1, 62112, 99;
1787212048.037077753 0, 63486, 99;1, 62112, 99;
1787212050.205311507 0, 63486, 100;1, 62112, 99;
1787212052.373096811 0, 63486, 99;1, 62112, 48;
1787212054.544218403 0, 63486, 100;1, 62112, 47;
1787212056.734558588 0, 63486, 99;1, 62112, 48;
1787212058.925510743 0, 63486, 99;1, 62112, 99;
1787212061.076757708 0, 63488, 93;1, 76400, 85;
1787212063.278260433 0, 63488, 99;1, 78004, 48;
1787212065.453137968 0, 63488, 100;1, 78004, 48;
1787212067.641538892 0, 63576, 99;1, 78004, 48;
1787212069.838505155 0, 63688, 100;1, 78004, 48;
1787212072.016051363 0, 62950, 76;1, 78004, 48;
1787212074.185021921 0, 45452, 72;1, 63934, 100;
1787212076.353068298 0, 45452, 67;1, 63938, 100;
1787212078.520581559 0, 45452, 70;1, 63938, 100;
1787212080.719843043 0, 45452, 71;1, 63938, 100;
1787212082.904136776 0, 45452, 66;1, 63938, 100;
1787212085.102905327 0, 45452, 40;1, 64450, 95;
1787212087.294960352 0, 45452, 54;1, 64818, 66;
1787212089.505558138 0, 45004, 0;1, 65058, 100;
1787212091.676530722 0, 45004, 0;1, 65298, 100;
1787212093.850466044 0, 59628, 2;1, 65836, 100;
1787212096.020656450 0, 62016, 87;1, 65554, 100;
1787212098.191082060 0, 62240, 99;1, 65554, 100;
1787212100.360150449 0, 62240, 99;1, 65554, 100;
1787212102.526812658 0, 62240, 99;1, 65682, 100;
1787212104.697713354 0, 62240, 99;1, 65938, 100;
1787212106.870500990 0, 62240, 99;1, 49008, 92;
1787212109.041137817 0, 62240, 99;1, 49008, 98;
1787212111.191997097 0, 62240, 99;1, 49008, 99;
1787212113.359533088 0, 62240, 99;1, 49008, 99;
1787212115.623892200 0, 62240, 91;1, 49008, 100;
1787212117.777115059 0, 62240, 99;1, 49264, 99;
1787212119.945061898 0, 62240, 99;1, 49264, 99;
1787212122.139759427 0, 62240, 99;1, 49264, 99;
1787212124.310170161 0, 62240, 70;1, 49264, 59;
1787212126.463986876 0, 65950, 100;1, 49264, 100;
1787212128.611373719 0, 67554, 92;1, 53302, 100;
1787212130.786164470 0, 67554, 93;1, 48064, 94;
1787212132.977243254 0, 67554, 83;1, 52902, 100;
1787212135.205492569 0, 67554, 91;1, 53092, 100;
1787212137.383419739 0, 67554, 91;1, 52128, 100;
1787212139.574040764 0, 67556, 92;1, 52068, 99;
1787212141.746895512 0, 67556, 94;1, 52068, 100;
1787212143.941856863 0, 67576, 0;1, 52068, 19;
1787212147.785548646 0, 68380, 90;1, 52068, 100;
1787212149.955681177 0, 68492, 91;1, 52068, 99;
1787212152.142831880 0, 68492, 93;1, 51940, 99;
1787212154.314858843 0, 67932, 0;1, 51940, 99;
1787212156.481764686 0, 67932, 0;1, 51940, 41;
