1787250156.310952114 0, 38935, 0;1, 32151, 0;2, 21305, 0;3, 10721, 0;
1787250160.567626603 0, 39261, 8;1, 32365, 10;2, 21453, 13;3, 10721, 0;
1787250163.337843838 0, 39921, 40;1, 32365, 0;2, 22403, 28;3, 10721, 0;
1787250166.161978027 0, 39987, 86;1, 32365, 0;2, 22471, 86;3, 10721, 0;
1787250168.932989646 0, 40133, 94;1, 32365, 0;2, 22585, 91;3, 10721, 0;
1787250171.672307469 0, 40197, 75;1, 32365, 0;2, 22649, 77;3, 10721, 0;
1787250174.464001535 0, 40197, 72;1, 32365, 0;2, 22985, 74;3, 10721, 0;
1787250177.294992473 0, 40409, 83;1, 32365, 0;2, 23275, 71;3, 10721, 0;
1787250180.060791107 0, 40659, 92;1, 32365, 0;2, 23563, 55;3, 10721, 0;
1787250182.798683706 0, 40803, 86;1, 32365, 0;2, 23863, 89;3, 10721, 0;
1787250185.567967975 0, 40867, 89;1, 32365, 0;2, 23927, 85;3, 10721, 0;
1787250188.353615100 0, 40931, 67;1, 32365, 0;2, 24215, 73;3, 10721, 0;
1787250191.118195820 0, 40995, 95;1, 32365, 0;2, 24279, 91;3, 10721, 0;
1787250193.914517555 0, 40995, 90;1, 32365, 0;2, 24279, 94;3, 10721, 0;
1787250196.674735931 0, 40995, 90;1, 32365, 0;2, 24697, 15;3, 10721, 0;
1787250199.446594875 0, 41059, 89;1, 32365, 0;2, 24761, 94;3, 10721, 0;
1787250202.234037588 0, 41109, 95;1, 32365, 0;2, 24811, 81;3, 10721, 0;
1787250205.003816625 0, 41229, 91;1, 32365, 0;2, 24931, 63;3, 10721, 0;
1787250207.814691417 0, 41293, 15;1, 32365, 0;2, 24995, 17;3, 10721, 0;
1787250210.984494351 0, 41191, 25;1, 32027, 1;2, 25059, 9;3, 10721, 0;
1787250214.266992992 0, 41243, 0;1, 31471, 3;2, 25259, 11;3, 10721, 0;
1787250217.740691102 0, 41079, 0;1, 31021, 0;2, 25397, 6;3, 10721, 0;
1787250220.824601672 0, 25035, 100;1, 10741, 100;2, 25611, 37;3, 10721, 0;
1787250223.604115217 0, 25035, 92;1, 10741, 0;2, 25611, 34;3, 10721, 0;
1787250226.391532902 0, 25035, 91;1, 10741, 0;2, 25611, 95;3, 10721, 0;
1787250229.173870957 0, 25035, 34;1, 10741, 0;2, 25499, 72;3, 10721, 0;
1787250231.964192223 0, 25035, 78;1, 10741, 0;2, 25499, 66;3, 10721, 0;
1787250234.606886141 0, 25035, 91;1, 10741, 0;2, 25499, 83;3, 10721, 0;
1787250237.409974503 0, 25035, 85;1, 10741, 0;2, 25499, 77;3, 10721, 0;
1787250240.258828226 0, 25035, 38;1, 10741, 0;2, 25499, 91;3, 10721, 0;
1787250243.082718217 0, 25035, 11;1, 10741, 0;2, 25499, 79;3, 10721, 0;
1787250245.888321725 0, 25035, 89;1, 10741, 0;2, 25499, 84;3, 10721, 0;
1787250248.655559438 0, 25035, 67;1, 10741, 0;2, 25499, 71;3, 10721, 0;
1787250251.405807068 0, 25035, 67;1, 10741, 0;2, 25499, 38;3, 10721, 0;
1787250254.163201864 0, 25583, 83;1, 11289, 27;2, 26147, 53;3, 40661, 81;
1787250257.287355700 0, 25583, 99;1, 11735, 0;2, 26147, 41;3, 41303, 1;
1787250260.155319694 0, 25169, 29;1, 14269, 20;2, 25969, 94;3, 44895, 25;
1787250262.993820350 0, 25035, 91;1, 16007, 33;2, 25835, 21;3, 47681, 100;
1787250265.757248818 0, 25035, 89;1, 16007, 22;2, 25947, 69;3, 48289, 100;
1787250268.508612712 0, 24971, 86;1, 16007, 41;2, 26549, 89;3, 49689, 100;
1787250271.317023064 0, 24843, 46;1, 16007, 10;2, 26421, 56;3, 50907, 100;
1787250274.211151725 0, 24843, 93;1, 16007, 29;2, 26421, 87;3, 51521, 49;
1787250277.008291109 0, 24843, 91;1, 16007, 40;2, 26421, 70;3, 52259, 57;
1787250279.815774482 0, 24635, 88;1, 16007, 41;2, 26357, 67;3, 52643, 41;
1787250282.627259384 0, 24123, 40;1, 16007, 27;2, 25845, 52;3, 52643, 42;
1787250285.396748663 0, 25041, 1;1, 17593, 10;2, 25205, 14;3, 52643, 0;
1787250288.804809662 0, 23461, 0;1, 18783, 5;2, 22407, 0;3, 52643, 27;
1787250292.119393310 0, 23461, 0;1, 18783, 2;2, 22407, 10;3, 52735, 9;
1787250295.322724892 0, 23461, 0;1, 18783, 0;2, 22407, 0;3, 52867, 36;
1787250298.607601940 0, 21701, 21;1, 18463, 36;2, 22407, 57;3, 52851, 69;
1787250301.397407200 0, 11291, 42;1, 16005, 37;2, 22407, 50;3, 52965, 53;
1787250304.202327395 0, 11291, 0;1, 16005, 0;2, 22407, 62;3, 53077, 50;
1787250306.987280657 0, 11291, 0;1, 16005, 0;2, 22407, 64;3, 53077, 36;
1787250309.707975434 0, 11291, 0;1, 16005, 0;2, 22407, 22;3, 53077, 79;
1787250312.501971373 0, 11291, 0;1, 16005, 0;2, 22407, 22;3, 53077, 65;
1787250315.341416901 0, 25915, 35;1, 16287, 6;2, 22689, 62;3, 53359, 47;
1787250318.219409665 0, 28159, 7;1, 16287, 0;2, 22689, 43;3, 53615, 97;
1787250320.970302530 0, 28727, 94;1, 16005, 0;2, 22407, 64;3, 53461, 67;
1787250323.726674198 0, 28727, 63;1, 16005, 0;2, 22407, 62;3, 53717, 50;
1787250326.517332668 0, 28727, 74;1, 16005, 3;2, 22407, 47;3, 53845, 42;
1787250329.336681007 0, 28951, 90;1, 16005, 29;2, 22407, 53;3, 53973, 45;
1787250332.126770941 0, 29063, 19;1, 16007, 28;2, 22407, 13;3, 54101, 38;
1787250334.939474768 0, 29175, 25;1, 16007, 28;2, 22407, 54;3, 54229, 22;
1787250337.698528263 0, 29287, 34;1, 16007, 33;2, 22407, 35;3, 54229, 88;
1787250340.356733951 0, 29459, 82;1, 17865, 54;2, 30493, 85;3, 54381, 42;
1787250343.198008415 0, 29287, 60;1, 19191, 15;2, 33777, 58;3, 54229, 97;
1787250345.966576310 0, 29287, 72;1, 19743, 28;2, 35573, 95;3, 53893, 90;
1787250348.754705205 0, 29287, 89;1, 19809, 82;2, 35821, 73;3, 53445, 26;
1787250351.558858552 0, 29287, 58;1, 19923, 90;2, 35855, 68;3, 50897, 58;
1787250354.348582048 0, 29287, 34;1, 20035, 91;2, 35855, 54;3, 33667, 100;
1787250357.140607680 0, 29287, 76;1, 20035, 90;2, 35631, 55;3, 33667, 38;
1787250359.904165872 0, 29287, 50;1, 20099, 89;2, 35583, 23;3, 33667, 78;
1787250362.664947684 0, 29287, 6;1, 20163, 27;2, 35645, 47;3, 33667, 15;
1787250366.165724129 0, 29077, 7;1, 20227, 34;2, 35599, 49;3, 33667, 24;
1787250369.237675859 0, 28813, 0;1, 20227, 21;2, 35713, 30;3, 33667, 23;
1787250372.557630243 0, 28727, 0;1, 20291, 15;2, 35725, 16;3, 33667, 16;
1787250376.086843183 0, 28727, 0;1, 20405, 83;2, 35617, 69;3, 33667, 52;
1787250378.839286536 0, 28727, 0;1, 20405, 86;2, 35617, 44;3, 33667, 27;
1787250381.625668959 0, 28727, 0;1, 20405, 87;2, 35393, 98;3, 33155, 24;
1787250384.441935251 0, 28727, 0;1, 20405, 87;2, 35393, 26;3, 33155, 6;
1787250387.220749515 0, 27607, 4;1, 20405, 71;2, 35393, 20;3, 31369, 22;
1787250389.995636207 0, 11293, 24;1, 20405, 54;2, 35393, 76;3, 30339, 86;
1787250392.792940041 0, 11293, 0;1, 20405, 89;2, 34833, 77;3, 30339, 48;
1787250395.544891187 0, 11293, 0;1, 20405, 83;2, 34833, 40;3, 30339, 87;
1787250398.316791334 0, 25917, 1;1, 20405, 84;2, 34833, 98;3, 30339, 14;
1787250401.166125046 0, 25917, 34;1, 20687, 83;2, 35095, 71;3, 31005, 55;
1787250403.903358926 0, 28805, 43;1, 20687, 90;2, 35095, 99;3, 32157, 83;
1787250406.889413976 0, 29141, 7;1, 20405, 18;2, 34833, 28;3, 32131, 15;
1787250410.985584280 0, 29255, 0;1, 20405, 17;2, 34609, 14;3, 32253, 0;
1787250413.927682991 0, 29255, 79;1, 20405, 87;2, 34609, 82;3, 32771, 62;
1787250416.672136324 0, 29255, 87;1, 20405, 88;2, 34609, 98;3, 33027, 33;
1787250419.445117765 0, 29255, 83;1, 20405, 88;2, 34609, 99;3, 33027, 28;
1787250422.275623517 0, 29255, 72;1, 20405, 69;2, 34609, 99;3, 33027, 90;
1787250424.719986024 0, 29367, 90;1, 20341, 0;2, 34545, 46;3, 33027, 42;
1787250427.584819629 0, 29367, 93;1, 20341, 0;2, 34545, 98;3, 33027, 56;
1787250430.219788518 0, 29367, 5;1, 20341, 0;2, 34545, 14;3, 33027, 15;
1787250434.759982252 0, 29591, 69;1, 20341, 0;2, 34545, 50;3, 33027, 92;
1787250437.495300100 0, 29703, 0;1, 20341, 0;2, 34545, 98;3, 33027, 67;
1787250440.373936998 0, 29815, 8;1, 20341, 0;2, 34545, 9;3, 33119, 0;
1787250444.069150393 0, 30027, 0;1, 20017, 0;2, 34373, 8;3, 33595, 0;
1787250448.725425594 0, 30039, 4;1, 21615, 1;2, 33821, 9;3, 34047, 0;
1787250453.223993202 0, 30173, 5;1, 17213, 0;2, 31353, 14;3, 34293, 0;
1787250457.255976039 0, 30039, 26;1, 17397, 2;2, 31075, 4;3, 34179, 17;
1787250460.613796069 0, 30039, 13;1, 17511, 0;2, 31101, 4;3, 34179, 11;
1787250464.433259222 0, 30039, 0;1, 17511, 1;2, 31523, 39;3, 34179, 11;
1787250467.376291028 0, 30039, 79;1, 17511, 53;2, 31635, 61;3, 34179, 34;
1787250470.235709062 0, 30039, 19;1, 17511, 0;2, 31711, 33;3, 34179, 8;
1787250474.696843306 0, 30039, 40;1, 17511, 41;2, 32033, 50;3, 34179, 14;
1787250477.597969218 0, 29815, 6;1, 17511, 3;2, 32323, 4;3, 34179, 14;
1787250481.584429768 0, 29815, 67;1, 17511, 47;2, 32323, 77;3, 34179, 78;
1787250484.228195654 0, 29815, 3;1, 17511, 5;2, 32323, 0;3, 31107, 0;
1787250488.209642833 0, 29815, 63;1, 17511, 43;2, 22299, 79;3, 39459, 75;
1787250490.839772223 0, 29479, 92;1, 17511, 15;2, 22299, 79;3, 39459, 12;
1787250493.642578808 0, 29479, 0;1, 17511, 5;2, 22299, 4;3, 37667, 11;
1787250497.465515388 0, 29255, 3;1, 17511, 10;2, 22299, 16;3, 36947, 11;
1787250500.308419789 0, 29255, 91;1, 17511, 21;2, 22299, 30;3, 29315, 10;
1787250503.186459119 0, 29255, 11;1, 17511, 3;2, 22299, 3;3, 29315, 12;
1787250507.167547660 0, 29255, 49;1, 17511, 25;2, 22435, 37;3, 29315, 19;
1787250510.031453480 0, 29255, 88;1, 17511, 54;2, 22435, 60;3, 29315, 35;
1787250512.671171000 0, 29257, 0;1, 17511, 3;2, 22435, 0;3, 29595, 0;
1787250516.911362186 0, 29257, 48;1, 17511, 28;2, 22435, 66;3, 30339, 56;
1787250519.451195658 0, 29257, 0;1, 17511, 0;2, 22435, 17;3, 30467, 16;
1787250522.514808038 0, 29257, 15;1, 17511, 9;2, 22435, 16;3, 30715, 0;
1787250525.475021383 0, 29343, 0;1, 17511, 8;2, 22435, 15;3, 30981, 48;
1787250528.687677365 0, 29481, 0;1, 17511, 24;2, 22435, 25;3, 31491, 17;
1787250531.434183050 0, 29593, 0;1, 17511, 18;2, 22435, 20;3, 32003, 88;
1787250534.181367620 0, 29705, 21;1, 17511, 2;2, 22435, 4;3, 32771, 38;
1787250538.347070829 0, 29705, 0;1, 17511, 0;2, 21315, 10;3, 32771, 60;
1787250541.230898564 0, 29817, 90;1, 17511, 37;2, 21315, 7;3, 32899, 39;
1787250544.078985946 0, 29817, 91;1, 17511, 6;2, 21315, 56;3, 33235, 0;
1787250546.953640561 0, 29817, 92;1, 17511, 43;2, 21315, 29;3, 34051, 100;
1787250549.871412867 0, 29817, 91;1, 17511, 34;2, 21203, 7;3, 34435, 19;
1787250552.689814630 0, 29817, 0;1, 17511, 0;2, 21161, 0;3, 34469, 0;
1787250557.012404787 0, 29817, 87;1, 17511, 20;2, 20979, 30;3, 34563, 25;
1787250559.919663070 0, 29989, 6;1, 24165, 7;2, 24001, 0;3, 37591, 11;
1787250563.836556095 0, 29817, 88;1, 26585, 95;2, 24279, 60;3, 38087, 70;
1787250566.530521311 0, 29817, 26;1, 26585, 17;2, 24281, 0;3, 38089, 0;
1787250570.679583874 0, 29817, 85;1, 26587, 66;2, 24345, 28;3, 38153, 80;
1787250573.327978000 0, 29929, 0;1, 26587, 0;2, 24345, 0;3, 38153, 0;
1787250577.953999408 0, 30265, 29;1, 26587, 58;2, 24345, 78;3, 37769, 96;
1787250580.604145406 0, 30265, 14;1, 26587, 2;2, 24345, 58;3, 37513, 23;
1787250583.346054087 0, 30265, 15;1, 26587, 5;2, 24345, 42;3, 37257, 20;
1787250586.837168602 0, 30265, 21;1, 26587, 4;2, 24345, 5;3, 35977, 0;
1787250590.277412876 0, 30265, 13;1, 26587, 4;2, 24345, 8;3, 35977, 15;
1787250594.475414989 0, 30265, 24;1, 26587, 0;2, 24345, 24;3, 35977, 10;
1787250597.880454591 0, 30265, 0;1, 26587, 8;2, 24345, 13;3, 35977, 20;
1787250601.137385388 0, 30265, 0;1, 26587, 0;2, 24345, 0;3, 35977, 18;
1787250604.257187053 0, 30265, 0;1, 26587, 11;2, 24345, 0;3, 35161, 0;
1787250607.380232372 0, 30003, 61;1, 25579, 3;2, 23225, 6;3, 33275, 8;
