1787247011.577718276 0, 39185, 3;1, 32305, 0;2, 21405, 0;3, 10721, 0;
1787247014.301078745 0, 39907, 100;1, 32365, 0;2, 22037, 8;3, 10721, 0;
1787247017.333613491 0, 39909, 27;1, 32365, 0;2, 22365, 17;3, 10721, 0;
1787247019.907096360 0, 39911, 29;1, 32365, 0;2, 22365, 29;3, 10721, 0;
1787247022.855212212 0, 40033, 12;1, 32365, 0;2, 22429, 11;3, 10721, 0;
1787247025.701738714 0, 40183, 90;1, 32365, 0;2, 22605, 89;3, 10721, 0;
1787247028.409654608 0, 40247, 20;1, 32365, 0;2, 22941, 16;3, 10721, 0;
1787247031.621673126 0, 40393, 61;1, 32365, 0;2, 22943, 51;3, 10721, 0;
1787247034.321183822 0, 40579, 31;1, 32365, 0;2, 23395, 0;3, 10721, 0;
1787247037.806963501 0, 40647, 13;1, 32365, 0;2, 23811, 17;3, 10721, 0;
1787247041.900666550 0, 40915, 4;1, 32365, 0;2, 24051, 0;3, 10721, 0;
1787247044.979634339 0, 40979, 33;1, 32365, 0;2, 24227, 23;3, 10721, 0;
1787247048.881015028 0, 40979, 32;1, 32365, 0;2, 24227, 42;3, 10721, 0;
1787247051.514491122 0, 40979, 20;1, 32365, 0;2, 24645, 26;3, 10721, 0;
1787247054.314055205 0, 40979, 17;1, 32365, 0;2, 24645, 11;3, 10721, 0;
1787247057.275130055 0, 40979, 17;1, 32365, 0;2, 24645, 17;3, 10721, 0;
1787247060.423578934 0, 41043, 4;1, 32365, 0;2, 24709, 10;3, 10721, 0;
1787247064.239107739 0, 41043, 25;1, 32365, 0;2, 24709, 19;3, 10721, 0;
1787247067.388475647 0, 40275, 95;1, 26429, 0;2, 24485, 93;3, 10721, 0;
1787247070.544410755 0, 23897, 18;1, 10741, 0;2, 24393, 0;3, 10721, 0;
1787247074.452213795 0, 24009, 83;1, 10741, 0;2, 24277, 45;3, 10721, 0;
1787247077.288513699 0, 24059, 52;1, 10741, 0;2, 24327, 61;3, 10721, 0;
1787247080.094874939 0, 24059, 70;1, 10741, 0;2, 24323, 54;3, 10721, 0;
1787247082.930971070 0, 24059, 78;1, 10741, 0;2, 24103, 70;3, 10721, 0;
1787247085.758624637 0, 24059, 33;1, 10741, 0;2, 24103, 73;3, 10721, 0;
1787247088.589483330 0, 24203, 22;1, 10741, 0;2, 24215, 83;3, 10721, 0;
1787247091.415404723 0, 24203, 66;1, 10741, 0;2, 24215, 86;3, 10721, 0;
1787247094.251360170 0, 24203, 45;1, 10741, 0;2, 24217, 21;3, 10721, 0;
1787247097.385052619 0, 24203, 0;1, 10741, 0;2, 24221, 18;3, 10721, 0;
1787247100.731296365 0, 24203, 62;1, 10741, 0;2, 24455, 4;3, 15663, 0;
1787247105.506391701 0, 24203, 16;1, 10741, 0;2, 24805, 6;3, 25345, 0;
1787247110.141367430 0, 24485, 10;1, 26339, 8;2, 25381, 22;3, 25343, 68;
1787247114.922387890 0, 24485, 0;1, 26339, 0;2, 25611, 57;3, 29139, 0;
1787247120.455579787 0, 24679, 44;1, 26191, 50;2, 26065, 55;3, 30771, 80;
1787247123.227080936 0, 24545, 45;1, 27573, 1;2, 26385, 52;3, 32795, 1;
1787247125.925118435 0, 24203, 2;1, 28457, 0;2, 26973, 14;3, 33753, 66;
1787247128.780992891 0, 24203, 48;1, 28781, 0;2, 27241, 55;3, 34061, 8;
1787247131.665739153 0, 24203, 29;1, 29217, 0;2, 27421, 25;3, 34673, 100;
1787247134.550593250 0, 24203, 96;1, 30313, 100;2, 27533, 54;3, 35511, 100;
1787247137.414341183 0, 24203, 91;1, 31339, 4;2, 27533, 66;3, 36551, 100;
1787247140.134899288 0, 24203, 83;1, 32363, 100;2, 27533, 98;3, 37225, 94;
1787247142.804856452 0, 23819, 1;1, 33407, 100;2, 27149, 48;3, 37673, 100;
1787247145.629293201 0, 23819, 0;1, 33933, 0;2, 27149, 0;3, 38053, 0;
1787247149.918314629 0, 23819, 0;1, 34669, 86;2, 27149, 69;3, 38459, 83;
1787247152.579222942 0, 23819, 0;1, 34669, 67;2, 27149, 81;3, 38461, 12;
1787247155.476162142 0, 21739, 18;1, 34541, 89;2, 26509, 80;3, 38461, 90;
1787247158.131624104 0, 11295, 0;1, 34285, 86;2, 23983, 34;3, 38461, 89;
1787247160.790613565 0, 11295, 0;1, 34029, 91;2, 23773, 61;3, 38461, 91;
1787247163.240487362 0, 11295, 0;1, 34029, 92;2, 23773, 10;3, 38461, 12;
1787247165.940604247 0, 11295, 0;1, 34029, 89;2, 23325, 33;3, 38461, 51;
1787247168.679556227 0, 11295, 0;1, 34029, 94;2, 23325, 8;3, 38461, 6;
1787247171.526558028 0, 11295, 0;1, 34029, 10;2, 22541, 6;3, 38461, 28;
1787247175.558498963 0, 11295, 0;1, 34029, 0;2, 21981, 3;3, 38461, 7;
1787247178.936734279 0, 11295, 0;1, 34029, 0;2, 21757, 10;3, 38461, 8;
1787247183.292077447 0, 11295, 0;1, 34029, 0;2, 21757, 0;3, 38461, 32;
1787247186.900200949 0, 11295, 0;1, 34029, 90;2, 21757, 50;3, 38353, 47;
1787247189.609064823 0, 11295, 0;1, 34029, 34;2, 21757, 8;3, 38353, 20;
1787247193.849386393 0, 14013, 9;1, 34409, 5;2, 21757, 9;3, 38503, 1;
1787247198.152517173 0, 19509, 0;1, 36561, 0;2, 21757, 17;3, 38351, 15;
1787247201.065750866 0, 24015, 64;1, 36743, 61;2, 21645, 65;3, 37687, 91;
1787247203.769246669 0, 24923, 20;1, 37361, 22;2, 21645, 4;3, 37701, 0;
1787247207.843327566 0, 24923, 96;1, 37233, 99;2, 21645, 60;3, 37911, 65;
1787247210.576521476 0, 24927, 1;1, 36979, 84;2, 21645, 41;3, 37911, 18;
1787247213.344065180 0, 24995, 10;1, 37043, 10;2, 21645, 7;3, 37911, 20;
1787247218.082706397 0, 25199, 94;1, 36723, 98;2, 20973, 62;3, 37911, 72;
1787247220.801681888 0, 25199, 97;1, 36723, 99;2, 20749, 61;3, 37911, 99;
1787247223.443397899 0, 25199, 97;1, 36467, 97;2, 20637, 35;3, 37687, 96;
1787247226.129029501 0, 25199, 96;1, 36211, 98;2, 20637, 57;3, 37687, 73;
1787247228.767472894 0, 25343, 94;1, 35827, 91;2, 20637, 53;3, 36003, 40;
1787247231.545359752 0, 25345, 10;1, 34549, 18;2, 20637, 0;3, 35895, 3;
1787247235.386267734 0, 25345, 52;1, 34549, 19;2, 20637, 3;3, 35895, 5;
1787247238.712457579 0, 25345, 26;1, 34037, 16;2, 20591, 0;3, 35895, 7;
1787247241.887323552 0, 25345, 0;1, 34037, 2;2, 20413, 3;3, 35857, 0;
1787247246.364859174 0, 25345, 76;1, 34037, 91;2, 20413, 41;3, 16575, 81;
1787247248.916551767 0, 25627, 99;1, 34319, 95;2, 35037, 37;3, 16857, 57;
1787247251.689051309 0, 25345, 12;1, 34043, 10;2, 36817, 24;3, 16575, 5;
1787247256.362645779 0, 25345, 0;1, 35189, 0;2, 37371, 20;3, 16575, 9;
1787247259.244895642 0, 25345, 0;1, 35829, 1;2, 37791, 90;3, 16575, 18;
1787247262.097019245 0, 25345, 96;1, 36213, 95;2, 37903, 82;3, 16575, 23;
1787247264.943961725 0, 25345, 0;1, 36503, 61;2, 38127, 28;3, 16575, 3;
1787247268.195563222 0, 25665, 3;1, 36725, 0;2, 38239, 29;3, 16995, 0;
1787247271.372167243 0, 27915, 38;1, 37197, 45;2, 38239, 57;3, 19323, 5;
1787247274.438286589 0, 28121, 0;1, 37587, 12;2, 38239, 0;3, 19351, 0;
1787247277.784272033 0, 28121, 99;1, 38261, 99;2, 38239, 77;3, 19351, 0;
1787247280.645440770 0, 27545, 58;1, 37941, 94;2, 38351, 88;3, 19351, 0;
1787247283.275107096 0, 25337, 64;1, 35731, 97;2, 38351, 99;3, 19351, 0;
1787247286.153613571 0, 25337, 53;1, 35731, 94;2, 38351, 99;3, 19351, 0;
1787247288.834129331 0, 25337, 12;1, 35731, 13;2, 38463, 11;3, 19351, 0;
1787247292.039376238 0, 25337, 6;1, 35731, 0;2, 38635, 3;3, 19351, 0;
1787247296.684150013 0, 25337, 47;1, 35731, 94;2, 39005, 94;3, 19351, 0;
1787247301.985329173 0, 25245, 0;1, 35823, 0;2, 39109, 22;3, 19181, 0;
1787247305.389398060 0, 25017, 0;1, 36115, 23;2, 39341, 75;3, 22225, 0;
1787247310.479754246 0, 22693, 25;1, 36469, 12;2, 39587, 59;3, 19621, 13;
1787247314.835649730 0, 22559, 0;1, 36499, 12;2, 39659, 9;3, 19707, 1;
1787247320.101595755 0, 22559, 7;1, 36499, 0;2, 39901, 61;3, 19783, 0;
1787247324.846544245 0, 22559, 12;1, 36499, 0;2, 40349, 7;3, 16633, 62;
1787247327.820438176 0, 22559, 3;1, 36499, 84;2, 40797, 67;3, 17201, 32;
1787247330.618865078 0, 22559, 20;1, 36499, 59;2, 41021, 76;3, 17309, 6;
1787247333.533185313 0, 22559, 0;1, 36499, 29;2, 41257, 44;3, 17309, 18;
1787247336.067551673 0, 22559, 17;1, 36499, 68;2, 41549, 70;3, 17309, 32;
1787247338.680947324 0, 22399, 1;1, 36499, 54;2, 41793, 53;3, 17309, 30;
1787247341.551596978 0, 22127, 1;1, 36499, 48;2, 42029, 70;3, 17309, 6;
1787247344.413941705 0, 22127, 0;1, 36499, 12;2, 42293, 9;3, 17309, 6;
1787247347.747672682 0, 22127, 0;1, 36499, 31;2, 42793, 24;3, 17309, 9;
1787247351.007333198 0, 20235, 0;1, 36243, 9;2, 43151, 30;3, 17309, 3;
1787247356.063191677 0, 22867, 0;1, 35859, 1;2, 43151, 32;3, 17309, 3;
1787247359.108115190 0, 26725, 65;1, 36025, 28;2, 43433, 60;3, 17571, 51;
1787247362.257569827 0, 28329, 0;1, 35347, 18;2, 43151, 23;3, 17197, 0;
1787247365.051411998 0, 29223, 91;1, 35347, 66;2, 43151, 100;3, 17197, 0;
1787247367.763785914 0, 29337, 10;1, 35347, 52;2, 43151, 85;3, 17197, 0;
1787247370.602081775 0, 29451, 90;1, 35183, 85;2, 43151, 41;3, 17197, 0;
1787247373.446847624 0, 29451, 94;1, 33427, 49;2, 43151, 57;3, 17197, 0;
1787247376.334452838 0, 29563, 90;1, 33427, 90;2, 43151, 20;3, 17197, 0;
1787247379.241066211 0, 29675, 77;1, 33427, 91;2, 43151, 98;3, 17197, 0;
1787247382.024973575 0, 29899, 64;1, 33427, 95;2, 43151, 100;3, 17197, 0;
1787247384.764014334 0, 30011, 91;1, 33427, 87;2, 42815, 81;3, 17197, 0;
1787247387.574685484 0, 30123, 87;1, 33427, 70;2, 42815, 79;3, 17197, 0;
1787247390.313712367 0, 30235, 3;1, 33427, 0;2, 40029, 5;3, 17197, 0;
1787247394.638266748 0, 30235, 9;1, 33555, 0;2, 23895, 0;3, 17197, 0;
1787247397.470693800 0, 30347, 88;1, 34323, 71;2, 23627, 56;3, 17197, 0;
1787247400.256160001 0, 30347, 7;1, 34865, 0;2, 23067, 10;3, 17197, 0;
1787247404.502557640 0, 30347, 91;1, 35475, 59;2, 23067, 56;3, 17197, 0;
1787247407.167314230 0, 30347, 7;1, 35475, 43;2, 22395, 7;3, 17197, 0;
1787247411.082274485 0, 30347, 87;1, 35475, 65;2, 20715, 29;3, 17197, 0;
1787247413.727392890 0, 30519, 91;1, 35647, 80;2, 23709, 83;3, 26627, 57;
1787247416.343010578 0, 30347, 0;1, 35475, 21;2, 23997, 69;3, 28995, 14;
1787247419.016567489 0, 30347, 7;1, 35475, 0;2, 24127, 0;3, 29785, 0;
1787247422.939527314 0, 30347, 0;1, 35475, 1;2, 24129, 24;3, 29787, 4;
1787247426.724123820 0, 30571, 0;1, 35475, 8;2, 24081, 5;3, 29997, 4;
1787247430.553973652 0, 30907, 0;1, 35475, 0;2, 24081, 11;3, 29997, 16;
1787247433.823099904 0, 31755, 26;1, 35475, 67;2, 24081, 55;3, 29997, 47;
1787247436.616264588 0, 31755, 77;1, 35475, 27;2, 24081, 54;3, 29997, 6;
1787247439.502476964 0, 31755, 38;1, 35219, 75;2, 24081, 14;3, 29997, 41;
1787247442.377183182 0, 31755, 0;1, 35219, 33;2, 24081, 31;3, 29997, 62;
1787247445.232028870 0, 31755, 0;1, 34541, 5;2, 24081, 38;3, 29997, 7;
1787247448.078489871 0, 31755, 3;1, 33683, 54;2, 24081, 53;3, 29997, 90;
1787247450.903997675 0, 31755, 0;1, 33299, 5;2, 24081, 4;3, 29997, 14;
1787247453.757657351 0, 31755, 55;1, 33171, 81;2, 24081, 73;3, 29997, 31;
1787247456.609663367 0, 31755, 21;1, 32547, 33;2, 24081, 44;3, 29997, 48;
1787247459.461896178 0, 31755, 70;1, 32403, 50;2, 24081, 28;3, 29997, 57;
1787247462.307759554 0, 31755, 0;1, 32403, 40;2, 22961, 24;3, 29997, 66;
1787247465.018913685 0, 31755, 19;1, 32403, 59;2, 14949, 76;3, 29997, 28;
1787247467.875412172 0, 31755, 87;1, 32403, 91;2, 14949, 0;3, 29997, 9;
1787247470.739702936 0, 31755, 11;1, 30967, 13;2, 14949, 0;3, 29997, 0;
1787247473.604750248 0, 30879, 21;1, 30355, 0;2, 14949, 0;3, 29997, 0;
1787247476.456380136 0, 29875, 9;1, 29653, 13;2, 14949, 0;3, 29997, 0;
1787247479.311830553 0, 29851, 0;1, 29075, 0;2, 14949, 0;3, 29997, 0;
1787247481.977060989 0, 29851, 0;1, 11545, 0;2, 14949, 0;3, 29997, 0;
1787247484.640750035 0, 29851, 0;1, 11545, 0;2, 14949, 0;3, 29997, 0;
1787247487.408777056 0, 28731, 11;1, 11545, 0;2, 14373, 0;3, 28269, 0;
1787247490.077289441 0, 12119, 68;1, 11545, 0;2, 11913, 0;3, 17751, 0;
1787247492.679538675 0, 12119, 0;1, 11545, 0;2, 11913, 0;3, 17751, 0;
1787247496.499364949 0, 12119, 0;1, 11545, 0;2, 11913, 0;3, 17751, 0;
1787247500.004039763 0, 12119, 0;1, 11545, 0;2, 11913, 0;3, 17751, 0;
1787247503.980207938 0, 12119, 0;1, 11545, 0;2, 11913, 0;3, 17751, 0;
1787247508.877444887 0, 12119, 0;1, 11545, 0;2, 11913, 0;3, 17751, 0;
1787247511.948148960 0, 12119, 0;1, 11545, 0;2, 11913, 0;3, 17751, 0;
1787247514.730097827 0, 12119, 0;1, 11545, 0;2, 11913, 0;3, 17751, 0;
1787247517.503604117 0, 12119, 0;1, 11545, 0;2, 11913, 0;3, 17751, 0;
1787247520.314641795 0, 12119, 0;1, 11545, 0;2, 11913, 0;3, 17751, 0;
1787247523.076244234 0, 12119, 0;1, 11545, 0;2, 11913, 0;3, 17751, 0;
1787247525.888378744 0, 12119, 0;1, 11545, 0;2, 11913, 0;3, 17751, 0;
1787247528.690763376 0, 12119, 0;1, 11545, 0;2, 11913, 0;3, 17751, 0;
1787247531.477862171 0, 12119, 0;1, 11545, 0;2, 11913, 0;3, 17751, 0;
1787247534.189696611 0, 12119, 0;1, 11545, 0;2, 11913, 0;3, 17751, 0;
1787247536.997995341 0, 12119, 0;1, 11545, 0;2, 11913, 0;3, 17751, 0;
1787247539.811507719 0, 12119, 0;1, 11545, 0;2, 11913, 0;3, 17751, 0;
1787247542.649427194 0, 12119, 0;1, 11545, 0;2, 11913, 0;3, 17751, 0;
1787247545.471705678 0, 12119, 0;1, 11545, 0;2, 11913, 0;3, 17751, 0;
1787247548.308897621 0, 12119, 0;1, 11545, 0;2, 11913, 0;3, 17751, 0;
1787247551.132470438 0, 12119, 0;1, 11545, 0;2, 11913, 0;3, 17751, 0;
1787247553.976802675 0, 12119, 0;1, 11545, 0;2, 11913, 0;3, 17751, 0;
1787247556.825030161 0, 12119, 0;1, 11545, 0;2, 11913, 0;3, 17751, 0;
1787247559.642845353 0, 12119, 0;1, 11545, 0;2, 11913, 0;3, 17751, 0;
1787247562.469639459 0, 12119, 0;1, 11545, 0;2, 11913, 0;3, 17751, 0;
1787247565.328659758 0, 12119, 0;1, 11545, 0;2, 11913, 0;3, 17751, 0;
1787247568.068111185 0, 12119, 0;1, 11545, 0;2, 11913, 0;3, 17751, 0;
1787247570.877636413 0, 12119, 0;1, 11545, 0;2, 11913, 0;3, 17751, 0;
1787247573.721081876 0, 12119, 0;1, 11545, 0;2, 11913, 0;3, 17751, 0;
1787247576.533908951 0, 12119, 0;1, 11545, 0;2, 11913, 0;3, 17751, 0;
1787247580.321246214 0, 12119, 0;1, 11545, 0;2, 11913, 0;3, 17751, 0;
1787247583.995921856 0, 12119, 0;1, 11545, 0;2, 11913, 0;3, 17751, 0;
1787247587.602044821 0, 12119, 0;1, 11545, 0;2, 11913, 0;3, 17751, 0;
1787247590.446568671 0, 12119, 0;1, 11545, 0;2, 11913, 0;3, 17751, 0;
1787247593.291830567 0, 12119, 0;1, 11545, 0;2, 11913, 0;3, 17751, 0;
1787247596.095904671 0, 12119, 0;1, 11545, 0;2, 11913, 0;3, 17751, 0;
1787247598.923080802 0, 12119, 0;1, 11545, 0;2, 11913, 0;3, 17751, 0;
1787247601.765621164 0, 12119, 0;1, 11545, 0;2, 11913, 0;3, 17751, 0;
1787247604.569415730 0, 12119, 0;1, 11545, 0;2, 11913, 0;3, 17751, 0;
1787247607.418211560 0, 12119, 0;1, 11545, 0;2, 11913, 0;3, 17751, 0;
1787247610.260828667 0, 12119, 0;1, 11545, 0;2, 11913, 0;3, 17751, 0;
1787247613.094650003 0, 12119, 0;1, 11545, 0;2, 11913, 0;3, 17751, 0;
1787247615.928106967 0, 12119, 0;1, 11545, 0;2, 11913, 0;3, 17751, 0;
1787247618.774256554 0, 12119, 0;1, 11545, 0;2, 11913, 0;3, 17751, 0;
1787247621.481548950 0, 12119, 0;1, 11545, 0;2, 11913, 0;3, 17751, 0;
1787247625.744214623 0, 12119, 0;1, 11545, 0;2, 11913, 0;3, 17751, 0;
1787247628.479835575 0, 12119, 0;1, 11545, 0;2, 11913, 0;3, 17751, 0;
1787247631.248927767 0, 12119, 0;1, 11545, 0;2, 11913, 0;3, 17751, 0;
1787247634.010789730 0, 12119, 0;1, 11545, 0;2, 11913, 0;3, 17751, 0;
1787247636.826989922 0, 12119, 0;1, 11545, 0;2, 11913, 0;3, 17751, 0;
1787247639.630126692 0, 12119, 0;1, 11545, 0;2, 11913, 0;3, 17751, 0;
1787247642.447919549 0, 12119, 0;1, 11545, 0;2, 11913, 0;3, 17751, 0;
1787247645.311587174 0, 12119, 0;1, 11545, 0;2, 11913, 0;3, 17751, 0;
1787247648.099292498 0, 12119, 0;1, 11545, 0;2, 11913, 0;3, 17751, 0;
1787247650.766620813 0, 12119, 0;1, 11545, 0;2, 11913, 0;3, 17751, 0;
1787247654.984713010 0, 12119, 0;1, 11545, 0;2, 11913, 0;3, 17751, 0;
1787247659.014779395 0, 12119, 0;1, 11545, 0;2, 11913, 0;3, 17751, 0;
1787247662.363298778 0, 12119, 0;1, 11545, 0;2, 11913, 0;3, 17751, 0;
1787247665.763536872 0, 12119, 0;1, 11545, 0;2, 11913, 0;3, 17751, 0;
1787247668.554379329 0, 12119, 0;1, 11545, 0;2, 11913, 0;3, 17751, 0;
1787247671.287654924 0, 12119, 0;1, 11545, 0;2, 11913, 0;3, 17751, 0;
1787247673.981295928 0, 12119, 0;1, 11545, 0;2, 11913, 0;3, 17751, 0;
1787247678.054775967 0, 12119, 0;1, 11545, 0;2, 11913, 0;3, 17751, 0;
1787247681.203934073 0, 12119, 0;1, 11545, 0;2, 11913, 0;3, 17751, 0;
1787247684.598802610 0, 12119, 0;1, 11545, 0;2, 11913, 0;3, 17751, 0;
1787247688.389008988 0, 12119, 0;1, 11545, 0;2, 11913, 0;3, 17751, 0;
1787247691.084072930 0, 12119, 0;1, 11545, 0;2, 11913, 0;3, 17751, 0;
1787247695.325291521 0, 12119, 0;1, 11545, 0;2, 11913, 0;3, 17751, 0;
1787247698.087059253 0, 12119, 0;1, 11545, 0;2, 11913, 0;3, 17751, 0;
1787247700.748332077 0, 12119, 0;1, 11545, 0;2, 11913, 0;3, 17751, 0;
1787247703.431546948 0, 12119, 0;1, 11545, 0;2, 11913, 0;3, 17751, 0;
1787247707.874336841 0, 12119, 0;1, 11545, 0;2, 11913, 0;3, 17751, 0;
1787247710.546817259 0, 12119, 0;1, 11545, 0;2, 11913, 0;3, 17751, 0;
1787247713.223308257 0, 12119, 0;1, 11545, 0;2, 11913, 0;3, 17751, 0;
1787247715.999689792 0, 12119, 0;1, 11545, 0;2, 11913, 0;3, 17751, 0;
1787247718.776644871 0, 12119, 0;1, 11545, 0;2, 11913, 0;3, 17751, 0;
1787247721.537090824 0, 12119, 0;1, 11545, 0;2, 11913, 0;3, 17751, 0;
1787247724.279463588 0, 12119, 0;1, 11545, 0;2, 11913, 0;3, 17751, 0;
1787247727.009140763 0, 12119, 0;1, 11545, 0;2, 11913, 0;3, 17751, 0;
1787247729.749161672 0, 12119, 0;1, 11545, 0;2, 11913, 0;3, 17751, 0;
1787247733.151824201 0, 12119, 0;1, 11545, 0;2, 11913, 0;3, 17751, 0;
1787247736.017435863 0, 12119, 0;1, 11545, 0;2, 11913, 0;3, 17751, 0;
1787247739.195776898 0, 12119, 0;1, 11545, 0;2, 11913, 0;3, 17751, 0;
1787247742.874373368 0, 12119, 0;1, 11545, 0;2, 11913, 0;3, 17751, 0;
1787247745.631776549 0, 12119, 0;1, 11545, 0;2, 11913, 0;3, 17751, 0;
1787247748.446754823 0, 12119, 0;1, 11545, 0;2, 11913, 0;3, 17751, 0;
1787247751.214692392 0, 12119, 0;1, 11545, 0;2, 11913, 0;3, 17751, 0;
1787247754.618184567 0, 12119, 0;1, 11545, 0;2, 11913, 0;3, 17751, 0;
1787247758.538576750 0, 12119, 0;1, 11545, 0;2, 11913, 0;3, 17751, 0;
1787247761.347828028 0, 12119, 0;1, 11545, 0;2, 11913, 0;3, 17751, 0;
1787247764.094189307 0, 12119, 0;1, 11545, 0;2, 11913, 0;3, 17751, 0;
1787247766.693030010 0, 12119, 0;1, 11545, 0;2, 11913, 0;3, 17751, 0;
1787247769.263666300 0, 12119, 0;1, 11545, 0;2, 11913, 0;3, 17751, 0;
1787247771.679062529 0, 12119, 0;1, 11545, 0;2, 11913, 0;3, 17751, 0;
1787247774.247227105 0, 12119, 0;1, 11545, 0;2, 11913, 0;3, 17751, 0;
1787247776.846392423 0, 12119, 0;1, 11545, 0;2, 11913, 0;3, 17751, 0;
1787247779.412774407 0, 12119, 0;1, 11545, 0;2, 11913, 0;3, 17751, 0;
1787247781.990584614 0, 12119, 0;1, 11545, 0;2, 11913, 0;3, 17751, 0;
1787247784.535661647 0, 12119, 0;1, 11545, 0;2, 11913, 0;3, 17751, 0;
1787247787.059354458 0, 12119, 0;1, 11545, 0;2, 11913, 0;3, 17751, 0;
1787247789.542079536 0, 12119, 0;1, 11545, 0;2, 11913, 0;3, 17751, 0;
1787247792.127292699 0, 12119, 0;1, 11545, 0;2, 11913, 0;3, 17751, 0;
1787247794.922984093 0, 12119, 0;1, 11545, 0;2, 11913, 0;3, 17751, 0;
1787247797.778892121 0, 12119, 0;1, 11545, 0;2, 11913, 0;3, 17751, 0;
1787247800.595565498 0, 12119, 0;1, 11545, 0;2, 11913, 0;3, 17751, 0;
1787247803.398621648 0, 12119, 0;1, 11545, 0;2, 11913, 0;3, 17751, 0;
1787247807.628077424 0, 12119, 0;1, 11545, 0;2, 11913, 0;3, 17751, 0;
1787247811.180550155 0, 12119, 0;1, 11545, 0;2, 11913, 0;3, 17751, 0;
1787247814.838855436 0, 12119, 0;1, 11545, 0;2, 11913, 0;3, 17751, 0;
1787247818.423197288 0, 12119, 0;1, 11545, 0;2, 11913, 0;3, 17751, 0;
1787247821.566095704 0, 12119, 0;1, 11545, 0;2, 11913, 0;3, 17751, 0;
1787247824.373397803 0, 12119, 0;1, 11545, 0;2, 11913, 0;3, 17751, 0;
1787247827.203945949 0, 12119, 0;1, 11545, 0;2, 11913, 0;3, 17751, 0;
1787247830.031729746 0, 12119, 0;1, 11545, 0;2, 11913, 0;3, 17751, 0;
1787247832.834908008 0, 12119, 0;1, 11545, 0;2, 11913, 0;3, 17751, 0;
1787247836.728124406 0, 12119, 0;1, 11545, 0;2, 11913, 0;3, 17751, 0;
1787247840.646081153 0, 12119, 0;1, 11545, 0;2, 11913, 0;3, 17751, 0;
1787247843.470833203 0, 12119, 0;1, 11545, 0;2, 11913, 0;3, 17751, 0;
1787247846.288493214 0, 12119, 0;1, 11545, 0;2, 11913, 0;3, 17751, 0;
1787247849.153926288 0, 12119, 0;1, 11545, 0;2, 11913, 0;3, 17751, 0;
1787247851.986840300 0, 12119, 0;1, 11545, 0;2, 11913, 0;3, 17751, 0;
1787247854.823629680 0, 12119, 0;1, 11545, 0;2, 11913, 0;3, 17751, 0;
1787247857.603525333 0, 12119, 0;1, 11545, 0;2, 11913, 0;3, 17751, 0;
1787247861.262278899 0, 12119, 0;1, 11545, 0;2, 11913, 0;3, 17751, 0;
1787247864.118715143 0, 12119, 0;1, 11545, 0;2, 11913, 0;3, 17751, 0;
1787247867.480991002 0, 12119, 0;1, 11545, 0;2, 11913, 0;3, 17751, 0;
1787247871.271208686 0, 12119, 0;1, 11545, 0;2, 11913, 0;3, 17751, 0;
1787247873.910584045 0, 12119, 0;1, 11545, 0;2, 11913, 0;3, 17751, 0;
1787247876.512939048 0, 12119, 0;1, 11545, 0;2, 11913, 0;3, 17751, 0;
1787247879.136015132 0, 12119, 0;1, 11545, 0;2, 11913, 0;3, 17751, 0;
1787247882.934300689 0, 12119, 0;1, 11545, 0;2, 11913, 0;3, 17751, 0;
1787247885.558801481 0, 12119, 0;1, 11545, 0;2, 11913, 0;3, 17751, 0;
1787247888.427666203 0, 12119, 0;1, 11545, 0;2, 11913, 0;3, 17751, 0;
1787247891.343219561 0, 12119, 0;1, 11545, 0;2, 11913, 0;3, 17751, 0;
1787247894.769372449 0, 12119, 0;1, 11545, 0;2, 11913, 0;3, 17751, 0;
1787247897.979788988 0, 12119, 0;1, 11545, 0;2, 11913, 0;3, 17751, 0;
1787247900.705309583 0, 12119, 0;1, 11545, 0;2, 11913, 0;3, 17751, 0;
1787247903.482566362 0, 12119, 0;1, 11545, 0;2, 11913, 0;3, 17751, 0;
1787247906.248988023 0, 12119, 0;1, 11545, 0;2, 11913, 0;3, 17751, 0;
1787247909.019879287 0, 12119, 0;1, 11545, 0;2, 11913, 0;3, 17751, 0;
1787247911.754505062 0, 12119, 0;1, 11545, 0;2, 11913, 0;3, 17751, 0;
1787247914.558555915 0, 12119, 0;1, 11545, 0;2, 11913, 0;3, 17751, 0;
1787247917.290656133 0, 12119, 0;1, 11545, 0;2, 11913, 0;3, 17751, 0;
1787247920.054960533 0, 12119, 0;1, 11545, 0;2, 11913, 0;3, 17751, 0;
1787247922.732009347 0, 12119, 0;1, 11545, 0;2, 11913, 0;3, 17751, 0;
1787247925.724678140 0, 12119, 0;1, 11545, 0;2, 11913, 0;3, 17751, 0;
1787247929.503855959 0, 12119, 0;1, 11545, 0;2, 11913, 0;3, 17751, 0;
1787247932.234082527 0, 12119, 0;1, 11545, 0;2, 11913, 0;3, 17751, 0;
1787247934.949671031 0, 12119, 0;1, 11545, 0;2, 11913, 0;3, 17751, 0;
1787247937.716366943 0, 12119, 0;1, 11545, 0;2, 11913, 0;3, 17751, 0;
1787247940.447511741 0, 12119, 0;1, 11545, 0;2, 11913, 0;3, 17751, 0;
1787247943.147399424 0, 12119, 0;1, 11545, 0;2, 11913, 0;3, 17751, 0;
1787247945.930779189 0, 12119, 0;1, 11545, 0;2, 11913, 0;3, 17751, 0;
1787247948.719403051 0, 12119, 0;1, 11545, 0;2, 11913, 0;3, 17751, 0;
1787247951.459538446 0, 12119, 0;1, 11545, 0;2, 11913, 0;3, 17751, 0;
1787247954.237018061 0, 12119, 0;1, 11545, 0;2, 11913, 0;3, 17751, 0;
1787247956.981447718 0, 12119, 0;1, 11545, 0;2, 11913, 0;3, 17751, 0;
1787247959.749507326 0, 12119, 0;1, 11545, 0;2, 11913, 0;3, 17751, 0;
1787247962.518126249 0, 12119, 0;1, 11545, 0;2, 11913, 0;3, 17751, 0;
1787247965.795301171 0, 12119, 0;1, 11545, 0;2, 11913, 0;3, 17751, 0;
1787247968.830446302 0, 12119, 0;1, 11545, 0;2, 11913, 0;3, 17751, 0;
1787247971.984690501 0, 12119, 0;1, 11545, 0;2, 11913, 0;3, 17751, 0;
1787247975.727457315 0, 12119, 0;1, 11545, 0;2, 11913, 0;3, 17751, 0;
1787247978.468950687 0, 12119, 0;1, 11545, 0;2, 11913, 0;3, 17751, 0;
1787247981.234592433 0, 12119, 0;1, 11545, 0;2, 11913, 0;3, 17751, 0;
1787247983.999635926 0, 12119, 0;1, 11545, 0;2, 11913, 0;3, 17751, 0;
1787247986.769326283 0, 12119, 0;1, 11545, 0;2, 11913, 0;3, 17751, 0;
1787247989.519763792 0, 12119, 0;1, 11545, 0;2, 11913, 0;3, 17751, 0;
1787247992.283666958 0, 12119, 0;1, 11545, 0;2, 11913, 0;3, 17751, 0;
1787247995.010949152 0, 12119, 0;1, 11545, 0;2, 11913, 0;3, 17751, 0;
1787247997.750391264 0, 12119, 0;1, 11545, 0;2, 11913, 0;3, 17751, 0;
1787248000.475139091 0, 12119, 0;1, 11545, 0;2, 11913, 0;3, 17751, 0;
1787248004.656881573 0, 12119, 0;1, 11545, 0;2, 11913, 0;3, 17751, 0;
1787248007.485929062 0, 12119, 0;1, 11545, 0;2, 11913, 0;3, 17751, 0;
1787248010.138665053 0, 12119, 0;1, 11545, 0;2, 11913, 0;3, 17751, 0;
1787248012.941501645 0, 12119, 0;1, 11545, 0;2, 11913, 0;3, 17751, 0;
1787248015.605359787 0, 12119, 0;1, 11545, 0;2, 11913, 0;3, 17751, 0;
1787248018.280407751 0, 12119, 0;1, 11545, 0;2, 11913, 0;3, 17751, 0;
1787248022.709073146 0, 12119, 0;1, 11545, 0;2, 11913, 0;3, 17751, 0;
1787248025.582908013 0, 12119, 0;1, 11545, 0;2, 11913, 0;3, 17751, 0;
1787248028.387161348 0, 12119, 0;1, 11545, 0;2, 11913, 0;3, 17751, 0;
1787248031.145216582 0, 12119, 0;1, 11545, 0;2, 11913, 0;3, 17751, 0;
1787248033.821138685 0, 12119, 0;1, 11545, 0;2, 11913, 0;3, 17751, 0;
1787248036.552664449 0, 12119, 0;1, 11545, 0;2, 11913, 0;3, 17751, 0;
1787248039.329228178 0, 12119, 0;1, 11545, 0;2, 11913, 0;3, 17751, 0;
1787248043.051040283 0, 12119, 0;1, 11545, 0;2, 11913, 0;3, 17751, 0;
1787248047.033132013 0, 12119, 0;1, 11545, 0;2, 11913, 0;3, 17751, 0;
1787248051.482286117 0, 12119, 0;1, 11545, 0;2, 11913, 0;3, 17751, 0;
1787248054.229517939 0, 12119, 0;1, 11545, 0;2, 11913, 0;3, 17751, 0;
1787248056.983674610 0, 12119, 0;1, 11545, 0;2, 11913, 0;3, 17751, 0;
1787248059.797266680 0, 12119, 0;1, 11545, 0;2, 11913, 0;3, 17751, 0;
1787248062.603917721 0, 12119, 0;1, 11545, 0;2, 11913, 0;3, 17751, 0;
1787248065.314129188 0, 12119, 0;1, 11545, 0;2, 11913, 0;3, 17751, 0;
1787248068.113546617 0, 12119, 0;1, 11545, 0;2, 11913, 0;3, 17751, 0;
1787248070.866275512 0, 12119, 0;1, 11545, 0;2, 11913, 0;3, 17751, 0;
1787248073.604401011 0, 12119, 0;1, 11545, 0;2, 11913, 0;3, 17751, 0;
1787248076.392515642 0, 12119, 0;1, 11545, 0;2, 11913, 0;3, 17751, 0;
1787248079.056632859 0, 12119, 0;1, 11545, 0;2, 11913, 0;3, 17751, 0;
1787248083.205504632 0, 12119, 0;1, 11545, 0;2, 11913, 0;3, 17751, 0;
1787248085.890718023 0, 12119, 0;1, 11545, 0;2, 11913, 0;3, 17751, 0;
1787248089.161487963 0, 12119, 0;1, 11545, 0;2, 11913, 0;3, 17751, 0;
1787248093.021088715 0, 12119, 0;1, 11545, 0;2, 11913, 0;3, 17751, 0;
1787248097.001604529 0, 12119, 0;1, 11545, 0;2, 11913, 0;3, 17751, 0;
1787248099.753509534 0, 12119, 0;1, 11545, 0;2, 11913, 0;3, 17751, 0;
1787248102.540001677 0, 12119, 0;1, 11545, 0;2, 11913, 0;3, 17751, 0;
1787248106.523923689 0, 12119, 0;1, 11545, 0;2, 11913, 0;3, 17751, 0;
1787248109.211853544 0, 12119, 0;1, 11545, 0;2, 11913, 0;3, 17751, 0;
1787248111.931375058 0, 12119, 0;1, 11545, 0;2, 11913, 0;3, 17751, 0;
1787248115.284267635 0, 12119, 0;1, 11545, 0;2, 11913, 0;3, 17751, 0;
1787248119.085042420 0, 12119, 0;1, 11545, 0;2, 11913, 0;3, 17751, 0;
1787248122.700532652 0, 12119, 0;1, 11545, 0;2, 11913, 0;3, 17751, 0;
1787248125.906825925 0, 12119, 0;1, 11545, 0;2, 11913, 0;3, 17751, 0;
1787248129.277075731 0, 12119, 0;1, 11545, 0;2, 11913, 0;3, 17751, 0;
1787248132.011768528 0, 12119, 0;1, 11545, 0;2, 11913, 0;3, 17751, 0;
1787248135.679521919 0, 12119, 0;1, 11545, 0;2, 11913, 0;3, 17751, 0;
1787248139.188501067 0, 12119, 0;1, 11545, 0;2, 11913, 0;3, 17751, 0;
1787248143.182909444 0, 12119, 0;1, 11545, 0;2, 11913, 0;3, 17751, 0;
1787248146.661612365 0, 12119, 0;1, 11545, 0;2, 11913, 0;3, 17751, 0;
1787248149.427291148 0, 12119, 0;1, 11545, 0;2, 11913, 0;3, 17751, 0;
1787248152.203729050 0, 12119, 0;1, 11545, 0;2, 11913, 0;3, 17751, 0;
1787248155.020966226 0, 12119, 0;1, 11545, 0;2, 11913, 0;3, 17751, 0;
1787248157.762356415 0, 12119, 0;1, 11545, 0;2, 11913, 0;3, 17751, 0;
1787248160.446351601 0, 12119, 0;1, 11545, 0;2, 11913, 0;3, 17751, 0;
1787248163.259929102 0, 12119, 0;1, 11545, 0;2, 11913, 0;3, 17751, 0;
1787248167.079822508 0, 12119, 0;1, 11545, 0;2, 11913, 0;3, 17751, 0;
1787248170.181051233 0, 12119, 0;1, 11545, 0;2, 11913, 0;3, 17751, 0;
1787248172.856973854 0, 12119, 0;1, 11545, 0;2, 11913, 0;3, 17751, 0;
1787248175.538378794 0, 12119, 0;1, 11545, 0;2, 11913, 0;3, 17751, 0;
1787248179.665628918 0, 12119, 0;1, 11545, 0;2, 11913, 0;3, 17751, 0;
1787248182.394361881 0, 12119, 0;1, 11545, 0;2, 11913, 0;3, 17751, 0;
1787248185.068464170 0, 12119, 0;1, 11545, 0;2, 11913, 0;3, 17751, 0;
1787248188.944957479 0, 12119, 0;1, 11545, 0;2, 11913, 0;3, 17751, 0;
1787248192.017880155 0, 12119, 0;1, 11545, 0;2, 11913, 0;3, 17751, 0;
1787248194.698319002 0, 12119, 0;1, 11545, 0;2, 11913, 0;3, 17751, 0;
1787248197.986642342 0, 12119, 0;1, 11545, 0;2, 11913, 0;3, 17751, 0;
1787248201.813802898 0, 12119, 0;1, 11545, 0;2, 11913, 0;3, 17751, 0;
1787248206.748552122 0, 12119, 0;1, 11545, 0;2, 11913, 0;3, 17751, 0;
1787248209.511223773 0, 12119, 0;1, 11545, 0;2, 11913, 0;3, 17751, 0;
1787248212.279426576 0, 12119, 0;1, 11545, 0;2, 11913, 0;3, 17751, 0;
1787248214.992645092 0, 12119, 0;1, 11545, 0;2, 11913, 0;3, 17751, 0;
1787248217.782687992 0, 12119, 0;1, 11545, 0;2, 11913, 0;3, 17751, 0;
1787248220.498415987 0, 12119, 0;1, 11545, 0;2, 11913, 0;3, 17751, 0;
1787248223.245102276 0, 12119, 0;1, 11545, 0;2, 11913, 0;3, 17751, 0;
1787248225.998465534 0, 12119, 0;1, 11545, 0;2, 11913, 0;3, 17751, 0;
1787248228.741072584 0, 12119, 0;1, 11545, 0;2, 11913, 0;3, 17751, 0;
1787248233.003933340 0, 12119, 0;1, 11545, 0;2, 11913, 0;3, 17751, 0;
1787248235.717100139 0, 12119, 0;1, 11545, 0;2, 11913, 0;3, 17751, 0;
1787248238.450498684 0, 12119, 0;1, 11545, 0;2, 11913, 0;3, 17751, 0;
1787248241.172242165 0, 12119, 0;1, 11545, 0;2, 11913, 0;3, 17751, 0;
1787248243.918427584 0, 12119, 0;1, 11545, 0;2, 11913, 0;3, 17751, 0;
1787248246.674822756 0, 12119, 0;1, 11545, 0;2, 11913, 0;3, 17751, 0;
1787248249.453821822 0, 12119, 0;1, 11545, 0;2, 11913, 0;3, 17751, 0;
1787248252.191998154 0, 12119, 0;1, 11545, 0;2, 11913, 0;3, 17751, 0;
1787248254.943561003 0, 12119, 0;1, 11545, 0;2, 11913, 0;3, 17751, 0;
1787248257.669788539 0, 12119, 0;1, 11545, 0;2, 11913, 0;3, 17751, 0;
1787248260.461684170 0, 12119, 0;1, 11545, 0;2, 11913, 0;3, 17751, 0;
1787248263.205380503 0, 12119, 0;1, 11545, 0;2, 11913, 0;3, 17751, 0;
1787248265.951494795 0, 12119, 0;1, 11545, 0;2, 11913, 0;3, 17751, 0;
1787248268.683577365 0, 12119, 0;1, 11545, 0;2, 11913, 0;3, 17751, 0;
1787248271.390326013 0, 12119, 0;1, 11545, 0;2, 11913, 0;3, 17751, 0;
1787248274.782986960 0, 12119, 0;1, 11545, 0;2, 11913, 0;3, 17751, 0;
1787248278.365964461 0, 12119, 0;1, 11545, 0;2, 11913, 0;3, 17751, 0;
1787248282.847988289 0, 12119, 0;1, 11545, 0;2, 11913, 0;3, 17751, 0;
1787248285.712436077 0, 12119, 0;1, 11545, 0;2, 11913, 0;3, 17751, 0;
1787248288.447760843 0, 12119, 0;1, 11545, 0;2, 11913, 0;3, 17751, 0;
1787248291.678736947 0, 12119, 0;1, 11545, 0;2, 11913, 0;3, 17751, 0;
1787248294.397449284 0, 12119, 0;1, 11545, 0;2, 11913, 0;3, 17751, 0;
1787248297.073745516 0, 12119, 0;1, 11545, 0;2, 11913, 0;3, 17751, 0;
1787248299.807854545 0, 12119, 0;1, 11545, 0;2, 11913, 0;3, 17751, 0;
1787248302.538356858 0, 12119, 0;1, 11545, 0;2, 11913, 0;3, 17751, 0;
1787248305.247313187 0, 12119, 0;1, 11545, 0;2, 11913, 0;3, 17751, 0;
1787248308.008561683 0, 12119, 0;1, 11545, 0;2, 11913, 0;3, 17751, 0;
1787248310.766447566 0, 12119, 0;1, 11545, 0;2, 11913, 0;3, 17751, 0;
1787248313.513704311 0, 12119, 0;1, 11545, 0;2, 11913, 0;3, 17751, 0;
1787248316.300381313 0, 12119, 0;1, 11545, 0;2, 11913, 0;3, 17751, 0;
1787248319.084916528 0, 12119, 0;1, 11545, 0;2, 11913, 0;3, 17751, 0;
1787248321.873032890 0, 12119, 0;1, 11545, 0;2, 11913, 0;3, 17751, 0;
1787248324.654262053 0, 12119, 0;1, 11545, 0;2, 11913, 0;3, 17751, 0;
1787248327.430026207 0, 12119, 0;1, 11545, 0;2, 11913, 0;3, 17751, 0;
1787248330.191490577 0, 12119, 0;1, 11545, 0;2, 11913, 0;3, 17751, 0;
1787248332.965623519 0, 12119, 0;1, 11545, 0;2, 11913, 0;3, 17751, 0;
1787248335.697713609 0, 12119, 0;1, 11545, 0;2, 11913, 0;3, 17751, 0;
1787248338.399368940 0, 12119, 0;1, 11545, 0;2, 11913, 0;3, 17751, 0;
1787248340.937262518 0, 12119, 0;1, 11545, 0;2, 11913, 0;3, 17751, 0;
1787248343.674676866 0, 12119, 0;1, 11545, 0;2, 11913, 0;3, 17751, 0;
1787248346.457912656 0, 12119, 0;1, 11545, 0;2, 11913, 0;3, 17751, 0;
1787248349.143261470 0, 12119, 0;1, 11545, 0;2, 11913, 0;3, 17751, 0;
1787248352.252966757 0, 12119, 0;1, 11545, 0;2, 11913, 0;3, 17751, 0;
1787248355.462268024 0, 12119, 0;1, 11545, 0;2, 11913, 0;3, 17751, 0;
1787248358.784778348 0, 12119, 0;1, 11545, 0;2, 11913, 0;3, 17751, 0;
1787248362.040346140 0, 12119, 0;1, 11545, 0;2, 11913, 0;3, 17751, 0;
1787248364.772246922 0, 12119, 0;1, 11545, 0;2, 11913, 0;3, 17751, 0;
1787248367.532654879 0, 12119, 0;1, 11545, 0;2, 11913, 0;3, 17751, 0;
1787248370.243086917 0, 12119, 0;1, 11545, 0;2, 11913, 0;3, 17751, 0;
1787248372.997916985 0, 12119, 0;1, 11545, 0;2, 11913, 0;3, 17751, 0;
1787248375.763795403 0, 12119, 0;1, 11545, 0;2, 11913, 0;3, 17751, 0;
1787248378.525417911 0, 12119, 0;1, 11545, 0;2, 11913, 0;3, 17751, 0;
1787248382.221811287 0, 12119, 0;1, 11545, 0;2, 11913, 0;3, 17751, 0;
1787248385.730218468 0, 12119, 0;1, 11545, 0;2, 11913, 0;3, 17751, 0;
1787248390.244650482 0, 12119, 0;1, 11545, 0;2, 11913, 0;3, 17751, 0;
1787248395.573842331 0, 12119, 0;1, 11545, 0;2, 11913, 0;3, 17751, 0;
1787248398.286802549 0, 12119, 0;1, 11545, 0;2, 11913, 0;3, 17751, 0;
1787248400.989143372 0, 12119, 0;1, 11545, 0;2, 11913, 0;3, 17751, 0;
1787248403.752032662 0, 12119, 0;1, 11545, 0;2, 11913, 0;3, 17751, 0;
1787248406.500554878 0, 12119, 0;1, 11545, 0;2, 11913, 0;3, 17751, 0;
1787248409.202763008 0, 12119, 0;1, 11545, 0;2, 11913, 0;3, 17751, 0;
1787248412.294331607 0, 12119, 0;1, 11545, 0;2, 11913, 0;3, 17751, 0;
1787248416.398182361 0, 12119, 0;1, 11545, 0;2, 11913, 0;3, 17751, 0;
1787248419.148816112 0, 12119, 0;1, 11545, 0;2, 11913, 0;3, 17751, 0;
1787248421.873356440 0, 12119, 0;1, 11545, 0;2, 11913, 0;3, 17751, 0;
1787248424.652066322 0, 12119, 0;1, 11545, 0;2, 11913, 0;3, 17751, 0;
1787248428.751259636 0, 12119, 0;1, 11545, 0;2, 11913, 0;3, 17751, 0;
1787248432.627783566 0, 12119, 0;1, 11545, 0;2, 11913, 0;3, 17751, 0;
1787248435.623956826 0, 12119, 0;1, 11545, 0;2, 11913, 0;3, 17751, 0;
1787248438.800226813 0, 12119, 0;1, 11545, 0;2, 11913, 0;3, 17751, 0;
1787248441.587565393 0, 12119, 0;1, 11545, 0;2, 11913, 0;3, 17751, 0;
1787248444.339386772 0, 12119, 0;1, 11545, 0;2, 11913, 0;3, 17751, 0;
1787248447.100902085 0, 12119, 0;1, 11545, 0;2, 11913, 0;3, 17751, 0;
1787248449.881357910 0, 12119, 0;1, 11545, 0;2, 11913, 0;3, 17751, 0;
1787248452.616004757 0, 12119, 0;1, 11545, 0;2, 11913, 0;3, 17751, 0;
1787248455.390837189 0, 12119, 0;1, 11545, 0;2, 11913, 0;3, 17751, 0;
1787248458.165683224 0, 12119, 0;1, 11545, 0;2, 11913, 0;3, 17751, 0;
1787248460.916376759 0, 12119, 0;1, 11545, 0;2, 11913, 0;3, 17751, 0;
1787248463.675555386 0, 12119, 0;1, 11545, 0;2, 11913, 0;3, 17751, 0;
1787248466.420557360 0, 12119, 0;1, 11545, 0;2, 11913, 0;3, 17751, 0;
1787248469.163653110 0, 12119, 0;1, 11545, 0;2, 11913, 0;3, 17751, 0;
1787248471.903377369 0, 12119, 0;1, 11545, 0;2, 11913, 0;3, 17751, 0;
1787248474.675688929 0, 12119, 0;1, 11545, 0;2, 11913, 0;3, 17751, 0;
1787248477.439805995 0, 12119, 0;1, 11545, 0;2, 11913, 0;3, 17751, 0;
1787248480.127776102 0, 12119, 0;1, 11545, 0;2, 11913, 0;3, 17751, 0;
1787248482.883378343 0, 12119, 0;1, 11545, 0;2, 11913, 0;3, 17751, 0;
1787248485.583374971 0, 12119, 0;1, 11545, 0;2, 11913, 0;3, 17751, 0;
1787248488.348698101 0, 12119, 0;1, 11545, 0;2, 11913, 0;3, 17751, 0;
1787248491.156477163 0, 12119, 0;1, 11545, 0;2, 11913, 0;3, 17751, 0;
1787248493.926860236 0, 12119, 0;1, 11545, 0;2, 11913, 0;3, 17751, 0;
1787248496.691898371 0, 12119, 0;1, 11545, 0;2, 11913, 0;3, 17751, 0;
1787248499.435027124 0, 12119, 0;1, 11545, 0;2, 11913, 0;3, 17751, 0;
1787248502.209266993 0, 12119, 0;1, 11545, 0;2, 11913, 0;3, 17751, 0;
1787248504.945444549 0, 12119, 0;1, 11545, 0;2, 11913, 0;3, 17751, 0;
1787248508.057686925 0, 12119, 0;1, 11545, 0;2, 11913, 0;3, 17751, 0;
1787248511.137995867 0, 12119, 0;1, 11545, 0;2, 11913, 0;3, 17751, 0;
1787248514.223606068 0, 12119, 0;1, 11545, 0;2, 11913, 0;3, 17751, 0;
1787248517.153731434 0, 12119, 0;1, 11545, 0;2, 11913, 0;3, 17751, 0;
1787248521.402325903 0, 12119, 0;1, 11545, 0;2, 11913, 0;3, 17751, 0;
1787248524.174798351 0, 12119, 0;1, 11545, 0;2, 11913, 0;3, 17751, 0;
1787248526.887556677 0, 12119, 0;1, 11545, 0;2, 11913, 0;3, 17751, 0;
1787248529.644954215 0, 12119, 0;1, 11545, 0;2, 11913, 0;3, 17751, 0;
1787248532.339581674 0, 12119, 0;1, 11545, 0;2, 11913, 0;3, 17751, 0;
1787248535.084583348 0, 12119, 0;1, 11545, 0;2, 11913, 0;3, 17751, 0;
1787248539.339660098 0, 12119, 0;1, 11545, 0;2, 11913, 0;3, 17751, 0;
1787248542.025866286 0, 12119, 0;1, 11545, 0;2, 11913, 0;3, 17751, 0;
1787248544.722725739 0, 12119, 0;1, 11545, 0;2, 11913, 0;3, 17751, 0;
1787248547.426282191 0, 12119, 0;1, 11545, 0;2, 11913, 0;3, 17751, 0;
1787248550.151214597 0, 12119, 0;1, 11545, 0;2, 11913, 0;3, 17751, 0;
1787248552.869527269 0, 12119, 0;1, 11545, 0;2, 11913, 0;3, 17751, 0;
1787248555.611274874 0, 12119, 0;1, 11545, 0;2, 11913, 0;3, 17751, 0;
1787248558.368702701 0, 12119, 0;1, 11545, 0;2, 11913, 0;3, 17751, 0;
1787248561.073421440 0, 12119, 0;1, 11545, 0;2, 11913, 0;3, 17751, 0;
1787248565.099927324 0, 12119, 0;1, 11545, 0;2, 11913, 0;3, 17751, 0;
1787248567.924162314 0, 12119, 0;1, 11545, 0;2, 11913, 0;3, 17751, 0;
1787248570.657232893 0, 12119, 0;1, 11545, 0;2, 11913, 0;3, 17751, 0;
1787248573.419055624 0, 12119, 0;1, 11545, 0;2, 11913, 0;3, 17751, 0;
1787248576.196003950 0, 12119, 0;1, 11545, 0;2, 11913, 0;3, 17751, 0;
1787248579.040619613 0, 12119, 0;1, 11545, 0;2, 11913, 0;3, 17751, 0;
1787248581.846227155 0, 12119, 0;1, 11545, 0;2, 11913, 0;3, 17751, 0;
1787248584.962064217 0, 12119, 0;1, 11545, 0;2, 11913, 0;3, 17751, 0;
1787248588.061490871 0, 12119, 0;1, 11545, 0;2, 11913, 0;3, 17751, 0;
1787248591.057720416 0, 12119, 0;1, 11545, 0;2, 11913, 0;3, 17751, 0;
1787248594.340250961 0, 12119, 0;1, 11545, 0;2, 11913, 0;3, 17751, 0;
1787248597.142934232 0, 12119, 0;1, 11545, 0;2, 11913, 0;3, 17751, 0;
1787248599.892644449 0, 12119, 0;1, 11545, 0;2, 11913, 0;3, 17751, 0;
1787248602.689234140 0, 12119, 0;1, 11545, 0;2, 11913, 0;3, 17751, 0;
1787248605.457680234 0, 12119, 0;1, 11545, 0;2, 11913, 0;3, 17751, 0;
1787248609.486610539 0, 12119, 0;1, 11545, 0;2, 11913, 0;3, 17751, 0;
1787248612.327415066 0, 12119, 0;1, 11545, 0;2, 11913, 0;3, 17751, 0;
1787248615.081937299 0, 12119, 0;1, 11545, 0;2, 11913, 0;3, 17751, 0;
1787248617.816593403 0, 12119, 0;1, 11545, 0;2, 11913, 0;3, 17751, 0;
1787248620.575487324 0, 12119, 0;1, 11545, 0;2, 11913, 0;3, 17751, 0;
1787248623.308401221 0, 12119, 0;1, 11545, 0;2, 11913, 0;3, 17751, 0;
1787248625.990853873 0, 12119, 0;1, 11545, 0;2, 11913, 0;3, 17751, 0;
1787248630.231768579 0, 12119, 0;1, 11545, 0;2, 11913, 0;3, 17751, 0;
1787248633.023113621 0, 12119, 0;1, 11545, 0;2, 11913, 0;3, 17751, 0;
1787248635.742539555 0, 12119, 0;1, 11545, 0;2, 11913, 0;3, 17751, 0;
1787248638.455219599 0, 12119, 0;1, 11545, 0;2, 11913, 0;3, 17751, 0;
1787248641.130003553 0, 12119, 0;1, 11545, 0;2, 11913, 0;3, 17751, 0;
1787248643.797986378 0, 12119, 0;1, 11545, 0;2, 11913, 0;3, 17751, 0;
1787248646.578096149 0, 12119, 0;1, 11545, 0;2, 11913, 0;3, 17751, 0;
1787248649.328173511 0, 12119, 0;1, 11545, 0;2, 11913, 0;3, 17751, 0;
1787248651.980672101 0, 12119, 0;1, 11545, 0;2, 11913, 0;3, 17751, 0;
1787248655.512983367 0, 12119, 0;1, 11545, 0;2, 11913, 0;3, 17751, 0;
1787248659.028353230 0, 12119, 0;1, 11545, 0;2, 11913, 0;3, 17751, 0;
1787248662.195572356 0, 12119, 0;1, 11545, 0;2, 11913, 0;3, 17751, 0;
1787248665.348083626 0, 12119, 0;1, 11545, 0;2, 11913, 0;3, 17751, 0;
1787248668.345031425 0, 12119, 0;1, 11545, 0;2, 11913, 0;3, 17751, 0;
1787248671.528092689 0, 12119, 0;1, 11545, 0;2, 11913, 0;3, 17751, 0;
1787248674.269906305 0, 12119, 0;1, 11545, 0;2, 11913, 0;3, 17751, 0;
1787248676.977695530 0, 12119, 0;1, 11545, 0;2, 11913, 0;3, 17751, 0;
1787248679.741210332 0, 12119, 0;1, 11545, 0;2, 11913, 0;3, 17751, 0;
1787248682.455997293 0, 12119, 0;1, 11545, 0;2, 11913, 0;3, 17751, 0;
1787248686.432918062 0, 12119, 0;1, 11545, 0;2, 11913, 0;3, 17751, 0;
1787248689.539951842 0, 12119, 0;1, 11545, 0;2, 11913, 0;3, 17751, 0;
1787248692.247827269 0, 12119, 0;1, 11545, 0;2, 11913, 0;3, 17751, 0;
1787248695.027649544 0, 12119, 0;1, 11545, 0;2, 11913, 0;3, 17751, 0;
1787248697.751899470 0, 12119, 0;1, 11545, 0;2, 11913, 0;3, 17751, 0;
1787248700.468986655 0, 12119, 0;1, 11545, 0;2, 11913, 0;3, 17751, 0;
1787248703.180836167 0, 12119, 0;1, 11545, 0;2, 11913, 0;3, 17751, 0;
1787248705.900626202 0, 12119, 0;1, 11545, 0;2, 11913, 0;3, 17751, 0;
1787248708.624264933 0, 12119, 0;1, 11545, 0;2, 11913, 0;3, 17751, 0;
1787248711.347040020 0, 12119, 0;1, 11545, 0;2, 11913, 0;3, 17751, 0;
1787248714.069355546 0, 12119, 0;1, 11545, 0;2, 11913, 0;3, 17751, 0;
1787248716.854984612 0, 12119, 0;1, 11545, 0;2, 11913, 0;3, 17751, 0;
1787248719.626842559 0, 12119, 0;1, 11545, 0;2, 11913, 0;3, 17751, 0;
1787248723.468729841 0, 12119, 0;1, 11545, 0;2, 11913, 0;3, 17751, 0;
1787248726.754179150 0, 12119, 0;1, 11545, 0;2, 11913, 0;3, 17751, 0;
1787248729.542463510 0, 12119, 0;1, 11545, 0;2, 11913, 0;3, 17751, 0;
1787248732.223829467 0, 12119, 0;1, 11545, 0;2, 11913, 0;3, 17751, 0;
1787248736.441562750 0, 12119, 0;1, 11545, 0;2, 11913, 0;3, 17751, 0;
1787248739.593010995 0, 12119, 0;1, 11545, 0;2, 11913, 0;3, 17751, 0;
1787248743.026509212 0, 12119, 0;1, 11545, 0;2, 11913, 0;3, 17751, 0;
1787248745.919206095 0, 12119, 0;1, 11545, 0;2, 11913, 0;3, 17751, 0;
1787248750.624141950 0, 12119, 0;1, 11545, 0;2, 11913, 0;3, 17751, 0;
1787248754.708276664 0, 12119, 0;1, 11545, 0;2, 11913, 0;3, 17751, 0;
1787248758.593258949 0, 12119, 0;1, 11545, 0;2, 11913, 0;3, 17751, 0;
1787248761.313449257 0, 12119, 0;1, 11545, 0;2, 11913, 0;3, 17751, 0;
1787248764.004129124 0, 12119, 0;1, 11545, 0;2, 11913, 0;3, 17751, 0;
1787248766.730628306 0, 12119, 0;1, 11545, 0;2, 11913, 0;3, 17751, 0;
1787248769.470360898 0, 12119, 0;1, 11545, 0;2, 11913, 0;3, 17751, 0;
1787248772.216570771 0, 12119, 0;1, 11545, 0;2, 11913, 0;3, 17751, 0;
1787248774.990673681 0, 12119, 0;1, 11545, 0;2, 11913, 0;3, 17751, 0;
1787248777.690969216 0, 12119, 0;1, 11545, 0;2, 11913, 0;3, 17751, 0;
1787248780.469587534 0, 12119, 0;1, 11545, 0;2, 11913, 0;3, 17751, 0;
1787248784.423322900 0, 12119, 0;1, 11545, 0;2, 11913, 0;3, 17751, 0;
1787248787.112255986 0, 12119, 0;1, 11545, 0;2, 11913, 0;3, 17751, 0;
1787248789.795344157 0, 12119, 0;1, 11545, 0;2, 11913, 0;3, 17751, 0;
1787248792.492927200 0, 12119, 0;1, 11545, 0;2, 11913, 0;3, 17751, 0;
1787248795.243146132 0, 12119, 0;1, 11545, 0;2, 11913, 0;3, 17751, 0;
1787248798.015212118 0, 12119, 0;1, 11545, 0;2, 11913, 0;3, 17751, 0;
1787248800.796525648 0, 12119, 0;1, 11545, 0;2, 11913, 0;3, 17751, 0;
1787248803.558796320 0, 12119, 0;1, 11545, 0;2, 11913, 0;3, 17751, 0;
1787248806.341450983 0, 12119, 0;1, 11545, 0;2, 11913, 0;3, 17751, 0;
1787248809.089615584 0, 12119, 0;1, 11545, 0;2, 11913, 0;3, 17751, 0;
