1787236777.494660786 0, 36281, 0;1, 32303, 0;2, 21405, 1;3, 13561, 0;
1787236780.511079749 0, 36459, 12;1, 32381, 2;2, 21999, 0;3, 14115, 0;
1787236784.402049722 0, 36459, 52;1, 32581, 51;2, 22041, 24;3, 14115, 0;
1787236787.048854735 0, 36481, 0;1, 32619, 11;2, 22043, 10;3, 14115, 0;
1787236791.135955550 0, 36777, 48;1, 33195, 68;2, 22467, 42;3, 14115, 0;
1787236793.830172659 0, 36777, 88;1, 33307, 98;2, 22467, 62;3, 14115, 0;
1787236796.447057370 0, 36777, 91;1, 33307, 99;2, 22467, 67;3, 14115, 0;
1787236799.097285717 0, 36777, 88;1, 33605, 99;2, 22467, 55;3, 14115, 0;
1787236801.770661894 0, 36969, 86;1, 33605, 98;2, 22467, 32;3, 14115, 0;
1787236804.372094653 0, 36989, 0;1, 33719, 22;2, 22467, 8;3, 14115, 0;
1787236809.940663135 0, 37141, 0;1, 33923, 0;2, 22467, 20;3, 14115, 0;
1787236814.219940487 0, 37649, 8;1, 34743, 6;2, 22639, 4;3, 14115, 0;
1787236818.988948294 0, 37799, 18;1, 35127, 22;2, 22643, 23;3, 14119, 6;
1787236822.526815831 0, 38235, 0;1, 35127, 0;2, 22643, 21;3, 14119, 0;
1787236826.003928632 0, 39841, 70;1, 35127, 11;2, 22643, 20;3, 14119, 0;
1787236829.613633224 0, 40475, 7;1, 35127, 17;2, 22645, 23;3, 14119, 14;
1787236832.852739757 0, 40987, 94;1, 35127, 99;2, 22709, 94;3, 14183, 51;
1787236835.529878672 0, 41493, 94;1, 35127, 98;2, 22709, 54;3, 14183, 24;
1787236838.249201648 0, 42395, 94;1, 35127, 99;2, 22709, 91;3, 14185, 49;
1787236840.931205184 0, 42781, 36;1, 35127, 15;2, 22709, 7;3, 14185, 6;
1787236844.961700504 0, 43421, 25;1, 35127, 97;2, 22709, 97;3, 14185, 13;
1787236847.635578235 0, 43805, 97;1, 34567, 28;2, 22709, 49;3, 14185, 12;
1787236850.316277953 0, 43805, 35;1, 34567, 5;2, 22709, 0;3, 14185, 1;
1787236854.154212842 0, 43805, 48;1, 34119, 0;2, 22709, 29;3, 14185, 12;
1787236856.855657669 0, 44255, 4;1, 34119, 5;2, 22709, 21;3, 14185, 5;
1787236860.783236975 0, 44973, 4;1, 34119, 8;2, 22709, 4;3, 14185, 4;
1787236864.032337131 0, 45583, 8;1, 34119, 2;2, 22709, 2;3, 14185, 4;
1787236867.445799414 0, 46195, 52;1, 33509, 5;2, 22773, 50;3, 14249, 3;
1787236871.435269257 0, 46323, 99;1, 17455, 100;2, 22773, 97;3, 14249, 9;
1787236874.086849490 0, 46639, 51;1, 24103, 6;2, 22945, 4;3, 14421, 1;
1787236878.052610679 0, 46467, 99;1, 26077, 96;2, 22773, 89;3, 14249, 53;
1787236880.881941875 0, 46861, 24;1, 26223, 24;2, 22773, 16;3, 14249, 9;
1787236884.932022631 0, 47363, 99;1, 26223, 98;2, 22859, 95;3, 14249, 64;
1787236887.666676930 0, 47363, 62;1, 26223, 6;2, 22859, 12;3, 14249, 5;
1787236891.813057552 0, 47363, 39;1, 26223, 8;2, 22859, 37;3, 14249, 10;
1787236894.682735456 0, 47363, 25;1, 26223, 15;2, 22893, 2;3, 14249, 6;
1787236898.342694124 0, 47325, 34;1, 26223, 9;2, 23027, 2;3, 18905, 10;
1787236904.341680203 0, 38509, 0;1, 26505, 0;2, 25419, 6;3, 30477, 19;
1787236907.027147682 0, 38227, 36;1, 26223, 11;2, 26593, 12;3, 30891, 26;
1787236910.738073455 0, 38227, 95;1, 26223, 38;2, 27991, 96;3, 30891, 28;
1787236913.350486328 0, 38099, 23;1, 26223, 7;2, 28705, 10;3, 31003, 17;
1787236917.143703534 0, 37843, 93;1, 26223, 0;2, 30007, 24;3, 31257, 32;
1787236919.833344374 0, 37587, 22;1, 26223, 0;2, 30009, 9;3, 31257, 17;
1787236923.394386625 0, 36307, 27;1, 26223, 0;2, 29683, 1;3, 31259, 11;
1787236926.383779860 0, 35411, 15;1, 26223, 0;2, 29449, 8;3, 31259, 6;
1787236930.354890600 0, 34899, 86;1, 25103, 0;2, 29449, 76;3, 31259, 61;
1787236932.940944313 0, 33619, 0;1, 19505, 0;2, 29449, 15;3, 31259, 14;
1787236936.657963355 0, 33619, 67;1, 19505, 0;2, 29561, 86;3, 31259, 90;
1787236939.315611484 0, 33107, 64;1, 19505, 0;2, 29561, 47;3, 31259, 33;
1787236941.979867460 0, 33107, 14;1, 22281, 0;2, 29363, 23;3, 28285, 11;
1787236946.044436446 0, 32467, 26;1, 21373, 7;2, 29043, 72;3, 28285, 69;
1787236948.661458268 0, 30675, 19;1, 10737, 0;2, 26529, 0;3, 28285, 9;
1787236952.379458842 0, 30547, 12;1, 16107, 5;2, 26473, 6;3, 28285, 12;
1787236956.006799942 0, 29907, 78;1, 16107, 46;2, 26025, 28;3, 28285, 42;
1787236958.619656556 0, 29907, 12;1, 16107, 5;2, 25913, 8;3, 28439, 0;
1787236962.257582720 0, 29907, 0;1, 16123, 0;2, 25913, 4;3, 29225, 0;
1787236968.122806156 0, 29907, 4;1, 16219, 0;2, 25195, 0;3, 29609, 0;
1787236973.165199102 0, 29907, 29;1, 16221, 0;2, 24803, 3;3, 30079, 71;
1787236976.598890982 0, 29907, 0;1, 16221, 0;2, 24619, 0;3, 30285, 0;
1787236980.498298111 0, 29963, 0;1, 16785, 6;2, 22609, 0;3, 31751, 2;
1787236984.030532294 0, 30291, 93;1, 19089, 45;2, 21657, 61;3, 34001, 67;
1787236986.651235478 0, 30291, 0;1, 19645, 18;2, 21657, 7;3, 34559, 19;
1787236990.730711528 0, 30291, 87;1, 19647, 91;2, 21321, 61;3, 34673, 97;
1787236993.321220615 0, 30291, 88;1, 19647, 91;2, 21321, 12;3, 34897, 2;
1787236996.326516324 0, 30291, 0;1, 19647, 14;2, 21097, 7;3, 35009, 17;
1787237000.380837849 0, 30291, 61;1, 19647, 49;2, 21097, 60;3, 35121, 77;
1787237003.082918344 0, 30291, 84;1, 19647, 91;2, 20985, 34;3, 35233, 44;
1787237005.722694507 0, 30291, 92;1, 19647, 90;2, 20873, 34;3, 35345, 98;
1787237008.312184498 0, 30163, 89;1, 19759, 91;2, 20845, 37;3, 35571, 27;
1787237011.362631369 0, 30163, 12;1, 19759, 2;2, 20649, 7;3, 35793, 20;
1787237015.334319470 0, 30163, 25;1, 19759, 40;2, 20649, 42;3, 35793, 89;
1787237018.006406665 0, 30163, 88;1, 19759, 44;2, 20649, 45;3, 35793, 33;
1787237020.715740192 0, 30163, 6;1, 19931, 5;2, 20649, 0;3, 35793, 19;
1787237024.575761881 0, 30163, 92;1, 19997, 91;2, 20649, 60;3, 35793, 92;
1787237027.188231179 0, 30035, 12;1, 19997, 18;2, 20649, 7;3, 35793, 27;
1787237030.927187548 0, 30035, 91;1, 19997, 25;2, 20649, 48;3, 35793, 51;
1787237033.557871338 0, 30035, 27;1, 19997, 3;2, 20649, 1;3, 35793, 1;
1787237037.233549875 0, 30035, 76;1, 19997, 8;2, 20649, 56;3, 35793, 77;
1787237039.851150484 0, 30187, 89;1, 20169, 59;2, 27237, 92;3, 35965, 85;
1787237042.504270144 0, 30035, 92;1, 19997, 44;2, 29817, 52;3, 35793, 91;
1787237045.136071045 0, 30035, 16;1, 19997, 0;2, 30233, 9;3, 35793, 18;
1787237048.968912092 0, 30035, 16;1, 19997, 3;2, 30399, 6;3, 35793, 6;
1787237053.374073086 0, 30035, 22;1, 19997, 0;2, 30683, 42;3, 35681, 13;
1787237057.568160170 0, 30035, 8;1, 19997, 5;2, 31847, 4;3, 35009, 0;
1787237061.513463167 0, 30035, 93;1, 19997, 31;2, 32363, 97;3, 34225, 39;
1787237064.176379177 0, 30035, 14;1, 19997, 5;2, 32507, 30;3, 34001, 0;
1787237068.081094058 0, 30035, 92;1, 19997, 44;2, 32507, 92;3, 33441, 92;
1787237070.767756720 0, 30035, 12;1, 19997, 4;2, 32731, 20;3, 33307, 0;
1787237074.793064875 0, 30035, 92;1, 19997, 51;2, 32843, 98;3, 33217, 65;
1787237077.511221784 0, 30035, 0;1, 19997, 5;2, 33375, 12;3, 33105, 0;
1787237081.246815329 0, 30035, 60;1, 17155, 5;2, 33739, 0;3, 30263, 5;
1787237084.269617320 0, 30035, 14;1, 17155, 1;2, 33851, 10;3, 30263, 5;
1787237087.517579468 0, 30035, 6;1, 17155, 17;2, 33851, 17;3, 30263, 16;
1787237091.319810336 0, 30035, 73;1, 17229, 44;2, 33851, 55;3, 30151, 79;
1787237093.941108954 0, 30035, 6;1, 17229, 2;2, 33803, 4;3, 30745, 5;
1787237097.619480755 0, 30035, 93;1, 17229, 45;2, 33627, 97;3, 38647, 24;
1787237100.249017110 0, 30035, 0;1, 17229, 5;2, 33627, 15;3, 38739, 15;
1787237104.016761215 0, 29907, 12;1, 17229, 4;2, 33627, 17;3, 38759, 22;
1787237107.825259347 0, 29907, 70;1, 17229, 21;2, 32363, 46;3, 38759, 99;
1787237110.468994992 0, 29907, 93;1, 17229, 43;2, 24373, 47;3, 39041, 99;
1787237113.163737731 0, 29907, 92;1, 17229, 51;2, 24261, 64;3, 39041, 56;
1787237115.823382750 0, 29907, 93;1, 17229, 40;2, 24261, 87;3, 39041, 81;
1787237118.846212981 0, 29907, 15;1, 17229, 5;2, 24261, 13;3, 39041, 24;
1787237122.798224478 0, 30675, 0;1, 17229, 11;2, 24147, 7;3, 39041, 28;
1787237126.456831044 0, 31187, 0;1, 18163, 30;2, 25087, 23;3, 39041, 56;
1787237129.305844390 0, 31567, 0;1, 19973, 14;2, 25761, 5;3, 39059, 25;
1787237132.407974147 0, 31901, 0;1, 20073, 5;2, 26623, 6;3, 39185, 25;
1787237135.600388547 0, 33037, 0;1, 20689, 11;2, 26937, 14;3, 39185, 0;
1787237139.364219628 0, 33875, 83;1, 20695, 94;2, 26831, 96;3, 39185, 78;
1787237141.976638167 0, 33875, 18;1, 20695, 11;2, 26495, 32;3, 39185, 20;
1787237145.698868418 0, 33875, 93;1, 20695, 95;2, 25823, 88;3, 39073, 87;
1787237148.278639854 0, 33875, 81;1, 20695, 96;2, 24031, 83;3, 39073, 14;
1787237150.956167147 0, 33875, 23;1, 20695, 26;2, 24031, 5;3, 39073, 8;
1787237154.800840693 0, 33747, 58;1, 20695, 82;2, 24031, 70;3, 39073, 45;
1787237157.453064138 0, 33747, 5;1, 20695, 7;2, 24031, 8;3, 39167, 4;
1787237161.103781783 0, 33747, 4;1, 20695, 95;2, 24031, 49;3, 39167, 8;
1787237163.702457391 0, 33747, 33;1, 20695, 9;2, 24031, 47;3, 39167, 4;
1787237167.312260452 0, 33875, 88;1, 20695, 94;2, 24031, 24;3, 38047, 42;
1787237169.890279865 0, 33875, 0;1, 20695, 11;2, 24031, 7;3, 20967, 4;
1787237173.723924358 0, 33875, 68;1, 20695, 94;2, 22911, 68;3, 20967, 58;
1787237176.217630108 0, 33875, 7;1, 20695, 0;2, 14775, 23;3, 20967, 0;
1787237180.975888963 0, 34003, 0;1, 20695, 2;2, 14775, 17;3, 20967, 17;
1787237184.610508905 0, 34939, 0;1, 20695, 11;2, 14775, 7;3, 20967, 16;
1787237188.540669468 0, 35667, 0;1, 20695, 40;2, 14775, 57;3, 21221, 30;
1787237191.154696737 0, 35667, 23;1, 20695, 14;2, 14775, 7;3, 21345, 33;
1787237194.929347302 0, 35929, 95;1, 20977, 97;2, 29399, 88;3, 21627, 53;
1787237197.563052663 0, 35667, 18;1, 20695, 8;2, 32451, 12;3, 21489, 4;
1787237201.721814367 0, 35667, 12;1, 20695, 0;2, 32563, 13;3, 21489, 4;
1787237205.406426725 0, 35667, 23;1, 20695, 0;2, 32563, 5;3, 21489, 4;
1787237208.640352150 0, 35667, 0;1, 20695, 24;2, 32563, 21;3, 21489, 8;
1787237212.308245021 0, 35667, 7;1, 20695, 12;2, 32563, 13;3, 21489, 7;
1787237216.093020278 0, 35283, 92;1, 20695, 89;2, 32563, 94;3, 21489, 51;
1787237218.953416235 0, 35155, 7;1, 20695, 0;2, 32563, 0;3, 21489, 0;
1787237222.414958405 0, 32395, 69;1, 20695, 0;2, 32563, 90;3, 21489, 38;
1787237225.020898720 0, 32339, 12;1, 20695, 0;2, 32563, 5;3, 21489, 0;
