1787233405.560754231 0, 36315, 0;1, 32305, 1;2, 21405, 1;3, 13561, 0;
1787233408.666907478 0, 36459, 6;1, 32385, 8;2, 22003, 0;3, 14115, 0;
1787233413.206022682 0, 36459, 13;1, 32601, 0;2, 22043, 8;3, 14115, 0;
1787233416.300084730 0, 36649, 13;1, 32863, 30;2, 22155, 7;3, 14115, 0;
1787233419.323677334 0, 36777, 23;1, 33297, 72;2, 22463, 43;3, 14115, 0;
1787233422.017521342 0, 36777, 9;1, 33409, 5;2, 22463, 4;3, 14115, 0;
1787233425.563946573 0, 36777, 11;1, 33409, 3;2, 22463, 4;3, 14115, 0;
1787233428.768495668 0, 37097, 12;1, 33595, 21;2, 22463, 7;3, 14115, 0;
1787233432.731832513 0, 37097, 75;1, 33707, 59;2, 22463, 36;3, 14115, 0;
1787233435.407344917 0, 37521, 86;1, 33819, 97;2, 22463, 56;3, 14115, 0;
1787233438.206262340 0, 37521, 12;1, 33931, 9;2, 22463, 3;3, 14115, 0;
1787233442.099074163 0, 37649, 29;1, 33931, 65;2, 22513, 60;3, 14115, 0;
1787233444.764803331 0, 37649, 12;1, 34235, 13;2, 22515, 4;3, 14117, 35;
1787233448.558415491 0, 37767, 24;1, 34235, 31;2, 22517, 12;3, 14119, 6;
1787233451.295819134 0, 38075, 13;1, 34235, 10;2, 22517, 12;3, 14119, 35;
1787233455.369255108 0, 38711, 81;1, 34235, 96;2, 22519, 92;3, 14121, 21;
1787233458.038098479 0, 38969, 95;1, 34235, 24;2, 22583, 27;3, 14185, 15;
1787233460.985503626 0, 39353, 0;1, 34235, 14;2, 22583, 16;3, 14185, 15;
1787233464.854470606 0, 40423, 16;1, 34235, 99;2, 22583, 36;3, 14185, 30;
1787233467.546831688 0, 41253, 16;1, 34235, 18;2, 22583, 16;3, 14185, 10;
1787233471.601421418 0, 41485, 10;1, 34235, 9;2, 22583, 21;3, 14185, 5;
1787233475.505782081 0, 42743, 100;1, 34235, 44;2, 22583, 29;3, 14185, 27;
1787233478.210884171 0, 43511, 100;1, 34011, 51;2, 22647, 36;3, 14249, 31;
1787233481.010532251 0, 44043, 4;1, 33675, 0;2, 22647, 16;3, 14249, 6;
1787233485.111146167 0, 45319, 0;1, 33675, 10;2, 22647, 24;3, 14249, 5;
1787233488.165729855 0, 45575, 41;1, 33675, 10;2, 22647, 0;3, 14249, 0;
1787233491.279896576 0, 46011, 0;1, 33675, 0;2, 22647, 7;3, 14249, 22;
1787233494.348031185 0, 46551, 0;1, 33675, 11;2, 22647, 24;3, 14249, 0;
1787233497.851193426 0, 47111, 17;1, 17011, 0;2, 22647, 0;3, 14249, 5;
1787233501.552956962 0, 47961, 16;1, 24697, 0;2, 22819, 7;3, 14401, 4;
1787233505.485957115 0, 49515, 100;1, 25579, 97;2, 22647, 43;3, 14249, 39;
1787233508.283182757 0, 50283, 34;1, 25831, 9;2, 22647, 16;3, 14249, 12;
1787233511.993493418 0, 50923, 95;1, 25831, 97;2, 22647, 71;3, 14249, 72;
1787233514.587230958 0, 51435, 33;1, 25831, 8;2, 22733, 17;3, 14249, 14;
1787233518.395931212 0, 51435, 98;1, 25831, 37;2, 22733, 54;3, 14249, 5;
1787233521.111486814 0, 51381, 34;1, 25831, 15;2, 22733, 6;3, 14249, 15;
1787233524.657680079 0, 42041, 40;1, 25831, 3;2, 23263, 1;3, 14249, 19;
1787233528.964365149 0, 42195, 16;1, 26113, 7;2, 24777, 21;3, 29007, 6;
1787233531.977261782 0, 41505, 0;1, 25831, 7;2, 25845, 12;3, 30889, 28;
1787233535.786450905 0, 41145, 80;1, 25831, 52;2, 26405, 97;3, 30889, 97;
1787233538.292904705 0, 40715, 0;1, 25831, 0;2, 26405, 16;3, 30889, 0;
1787233541.665959430 0, 40193, 0;1, 25831, 0;2, 26405, 0;3, 31001, 5;
1787233545.299347956 0, 39865, 39;1, 25831, 0;2, 27097, 77;3, 31255, 56;
1787233548.013285155 0, 39865, 92;1, 25831, 0;2, 27659, 69;3, 31255, 22;
1787233550.719094677 0, 39353, 78;1, 25831, 0;2, 28107, 34;3, 31255, 51;
1787233553.359321022 0, 39097, 15;1, 25831, 0;2, 28107, 7;3, 31257, 17;
1787233557.008571635 0, 38713, 5;1, 25723, 0;2, 28107, 4;3, 31257, 0;
1787233560.017634502 0, 38201, 94;1, 24711, 0;2, 29141, 53;3, 31257, 72;
1787233562.586801968 0, 35953, 0;1, 19559, 0;2, 29141, 20;3, 31257, 0;
1787233567.233708376 0, 35431, 0;1, 19861, 0;2, 29519, 26;3, 31173, 16;
1787233570.780143175 0, 35187, 0;1, 22121, 0;2, 31979, 1;3, 30833, 6;
1787233574.039590287 0, 35061, 0;1, 22215, 1;2, 31767, 7;3, 30745, 18;
1787233577.228029199 0, 34873, 89;1, 18549, 0;2, 30767, 3;3, 28283, 89;
1787233579.920353588 0, 34879, 93;1, 14267, 13;2, 28721, 82;3, 28419, 76;
1787233582.512686985 0, 34745, 91;1, 16161, 33;2, 28587, 35;3, 28397, 58;
1787233585.207232008 0, 34745, 12;1, 16161, 5;2, 28363, 11;3, 28401, 17;
1787233588.747442405 0, 34705, 19;1, 16161, 10;2, 28027, 2;3, 28821, 30;
1787233591.681853598 0, 31801, 6;1, 16161, 5;2, 27467, 7;3, 29045, 9;
1787233595.196097134 0, 31801, 19;1, 16275, 0;2, 26907, 4;3, 29045, 28;
1787233598.370648350 0, 31417, 0;1, 16275, 11;2, 26145, 1;3, 29253, 0;
1787233602.199710740 0, 31161, 92;1, 16275, 48;2, 24703, 51;3, 29605, 41;
1787233604.769955091 0, 31161, 6;1, 16275, 1;2, 22367, 0;3, 29605, 17;
1787233609.244196461 0, 31161, 12;1, 16545, 2;2, 22091, 0;3, 30147, 60;
1787233611.839224890 0, 31161, 18;1, 19117, 6;2, 22091, 10;3, 32899, 100;
1787233615.453709164 0, 31161, 92;1, 19669, 91;2, 22091, 66;3, 33447, 97;
1787233618.003752288 0, 31161, 0;1, 19673, 0;2, 20971, 14;3, 33787, 49;
1787233621.176922951 0, 31161, 18;1, 19673, 20;2, 20971, 7;3, 34123, 0;
1787233624.545603282 0, 30905, 12;1, 19673, 13;2, 20971, 10;3, 34235, 32;
1787233628.603661185 0, 30777, 38;1, 19673, 0;2, 20971, 33;3, 34235, 61;
1787233631.363471804 0, 30777, 92;1, 19673, 68;2, 20971, 25;3, 34235, 98;
1787233634.046011015 0, 30777, 6;1, 19673, 11;2, 20747, 3;3, 34235, 23;
1787233637.863597697 0, 30649, 72;1, 19673, 39;2, 20747, 47;3, 34347, 47;
1787233640.581597650 0, 30649, 7;1, 19785, 13;2, 20747, 16;3, 34347, 26;
1787233644.032204311 0, 30649, 6;1, 19785, 3;2, 20747, 7;3, 34565, 0;
1787233648.834387105 0, 30649, 7;1, 19899, 0;2, 20747, 4;3, 35173, 0;
1787233653.028798573 0, 30649, 18;1, 19899, 28;2, 20747, 7;3, 36031, 26;
1787233656.702796010 0, 30649, 87;1, 19899, 93;2, 20747, 25;3, 36143, 98;
1787233659.288076940 0, 30649, 6;1, 19899, 0;2, 20747, 0;3, 36143, 0;
1787233662.859200149 0, 30649, 87;1, 19899, 46;2, 20747, 53;3, 36143, 87;
1787233665.455286494 0, 30649, 90;1, 19899, 46;2, 20747, 61;3, 36143, 47;
1787233668.094344504 0, 30821, 94;1, 20071, 61;2, 27447, 87;3, 36315, 83;
1787233670.696994899 0, 30649, 12;1, 19899, 5;2, 30027, 13;3, 36143, 22;
1787233673.962179718 0, 30649, 3;1, 19899, 3;2, 30443, 36;3, 36031, 49;
1787233676.564880145 0, 30649, 93;1, 19899, 30;2, 30555, 46;3, 35583, 7;
1787233679.875812216 0, 30649, 23;1, 19899, 8;2, 30669, 45;3, 35381, 3;
1787233682.855550007 0, 30649, 93;1, 19899, 2;2, 31341, 64;3, 34239, 6;
1787233686.056258097 0, 30649, 7;1, 19899, 0;2, 31789, 0;3, 34235, 3;
1787233689.592059983 0, 30649, 7;1, 19899, 0;2, 31789, 4;3, 34015, 5;
1787233693.358004734 0, 30649, 0;1, 19899, 9;2, 31901, 19;3, 33903, 14;
1787233696.330473284 0, 30649, 69;1, 19899, 42;2, 32493, 46;3, 33455, 21;
1787233698.925540748 0, 30649, 90;1, 19899, 37;2, 32945, 48;3, 32895, 23;
1787233701.532381593 0, 30649, 89;1, 19899, 36;2, 33277, 46;3, 32895, 89;
1787233704.150853987 0, 30649, 27;1, 19899, 41;2, 33277, 52;3, 32895, 78;
1787233706.857962777 0, 30649, 91;1, 19899, 45;2, 33613, 87;3, 32895, 58;
1787233709.550748523 0, 30649, 90;1, 19515, 50;2, 33613, 98;3, 30051, 75;
1787233712.184752980 0, 30649, 6;1, 17055, 2;2, 33727, 4;3, 30051, 11;
1787233715.804429768 0, 30649, 12;1, 17055, 13;2, 33727, 0;3, 30051, 6;
1787233719.071818740 0, 30649, 30;1, 23643, 23;2, 33897, 48;3, 30201, 44;
1787233722.366868157 0, 30649, 10;1, 25469, 10;2, 33727, 35;3, 30051, 22;
1787233726.040670768 0, 30649, 34;1, 25663, 54;2, 33727, 43;3, 30051, 17;
1787233728.952346984 0, 30649, 79;1, 25665, 97;2, 33839, 72;3, 29939, 51;
1787233731.588305166 0, 30649, 25;1, 25665, 16;2, 33839, 31;3, 29939, 18;
1787233735.162765081 0, 30649, 20;1, 25665, 37;2, 33839, 18;3, 29939, 11;
1787233738.130848733 0, 30649, 15;1, 25947, 24;2, 33839, 36;3, 29939, 11;
1787233741.936066057 0, 30649, 0;1, 25947, 4;2, 33809, 16;3, 29939, 22;
1787233745.927919598 0, 30649, 85;1, 25947, 98;2, 24787, 86;3, 29939, 73;
1787233748.553075688 0, 31033, 14;1, 25947, 7;2, 25139, 9;3, 30359, 3;
1787233752.163209528 0, 31545, 0;1, 25947, 8;2, 27629, 27;3, 32783, 25;
1787233754.899019796 0, 32057, 8;1, 25947, 12;2, 27629, 45;3, 32783, 24;
1787233759.089593418 0, 32057, 89;1, 25949, 96;2, 27629, 58;3, 32783, 95;
1787233761.793008044 0, 32057, 90;1, 25949, 98;2, 27517, 89;3, 32783, 73;
1787233764.496618632 0, 32185, 61;1, 25949, 7;2, 27511, 17;3, 32783, 20;
1787233767.765786044 0, 32353, 0;1, 25949, 25;2, 26733, 0;3, 32671, 0;
1787233771.315317678 0, 32825, 88;1, 25949, 95;2, 23101, 10;3, 32287, 0;
1787233773.960813023 0, 33081, 8;1, 25949, 13;2, 20641, 0;3, 29829, 0;
1787233778.125189624 0, 33209, 83;1, 26093, 72;2, 20641, 0;3, 29829, 0;
1787233780.811297480 0, 33849, 21;1, 26093, 11;2, 20641, 0;3, 29829, 0;
1787233784.798644394 0, 33849, 64;1, 26187, 88;2, 20641, 0;3, 29829, 0;
1787233787.475901248 0, 33849, 24;1, 26187, 10;2, 20641, 0;3, 29829, 0;
1787233791.054788150 0, 33977, 82;1, 26187, 95;2, 20641, 0;3, 29829, 0;
1787233793.714514823 0, 34361, 11;1, 26187, 11;2, 20641, 0;3, 29819, 0;
1787233797.710445209 0, 34489, 27;1, 26187, 18;2, 20641, 0;3, 28709, 0;
1787233801.200006603 0, 34787, 0;1, 26187, 16;2, 20505, 0;3, 11839, 0;
1787233804.356763954 0, 35143, 0;1, 26187, 24;2, 20135, 3;3, 11839, 0;
1787233807.434432157 0, 36009, 0;1, 26187, 9;2, 18375, 1;3, 11839, 0;
1787233812.472114925 0, 37139, 0;1, 26187, 13;2, 11289, 0;3, 11839, 0;
1787233816.001236256 0, 38121, 0;1, 26453, 15;2, 11289, 0;3, 11839, 0;
1787233819.752183534 0, 39263, 0;1, 26709, 16;2, 11289, 0;3, 11839, 0;
1787233823.384075896 0, 39353, 94;1, 26709, 96;2, 28219, 95;3, 11839, 0;
1787233826.117892612 0, 39353, 25;1, 26709, 13;2, 28555, 13;3, 11839, 0;
1787233830.244356469 0, 39353, 83;1, 26709, 83;2, 28555, 61;3, 11839, 0;
1787233832.902854599 0, 39353, 11;1, 26709, 11;2, 28555, 6;3, 11839, 0;
1787233836.703439674 0, 39097, 3;1, 26709, 36;2, 28555, 46;3, 11839, 0;
1787233839.948133882 0, 38969, 11;1, 26709, 12;2, 28555, 12;3, 11839, 0;
1787233843.440396830 0, 38503, 0;1, 26709, 6;2, 28555, 11;3, 11839, 0;
1787233846.843119127 0, 38201, 26;1, 26709, 0;2, 28555, 21;3, 11839, 0;
1787233850.137239149 0, 38073, 93;1, 26709, 0;2, 28555, 0;3, 11839, 0;
1787233852.741252549 0, 36299, 79;1, 26709, 0;2, 28555, 0;3, 11839, 0;
1787233855.563093521 0, 35309, 0;1, 26709, 0;2, 28555, 0;3, 11839, 0;
1787233859.491715920 0, 33209, 78;1, 26709, 0;2, 28555, 0;3, 11839, 0;
1787233862.111102551 0, 30009, 0;1, 26709, 0;2, 28555, 0;3, 11839, 0;
1787233866.099034563 0, 30009, 0;1, 26709, 0;2, 28555, 0;3, 11839, 0;
1787233868.730920810 0, 30009, 0;1, 26709, 0;2, 28555, 0;3, 11839, 0;
1787233872.668968937 0, 30009, 0;1, 26709, 0;2, 28555, 0;3, 11839, 0;
1787233875.832840821 0, 30009, 0;1, 26709, 0;2, 28555, 0;3, 11839, 0;
1787233879.228812872 0, 29719, 2;1, 26111, 0;2, 28263, 0;3, 11839, 0;
1787233882.310794849 0, 29415, 0;1, 25535, 3;2, 27973, 0;3, 11839, 0;
1787233885.416984853 0, 28291, 1;1, 19187, 2;2, 11289, 0;3, 11839, 0;
1787233889.431965689 0, 10739, 0;1, 11291, 0;2, 11289, 0;3, 11839, 0;
1787233892.088494874 0, 10739, 0;1, 11291, 0;2, 11289, 0;3, 11839, 0;
1787233895.764640661 0, 10739, 0;1, 11291, 0;2, 11289, 0;3, 11839, 0;
1787233898.784109611 0, 10739, 0;1, 11291, 0;2, 11289, 0;3, 11839, 0;
1787233901.396655056 0, 10739, 0;1, 11291, 0;2, 11289, 0;3, 11839, 0;
1787233904.055000624 0, 10739, 0;1, 11291, 0;2, 11289, 0;3, 11839, 0;
1787233907.960148362 0, 10739, 0;1, 11291, 0;2, 11289, 0;3, 11839, 0;
1787233910.652060959 0, 10739, 0;1, 11291, 0;2, 11289, 0;3, 11839, 0;
1787233914.261043470 0, 10739, 0;1, 11291, 0;2, 11289, 0;3, 11839, 0;
1787233916.990048158 0, 10739, 0;1, 11291, 0;2, 11289, 0;3, 11839, 0;
1787233920.678379431 0, 10739, 0;1, 11291, 0;2, 11289, 0;3, 11839, 0;
1787233923.388653099 0, 10739, 0;1, 11291, 0;2, 11289, 0;3, 11839, 0;
1787233926.132690508 0, 10739, 0;1, 11291, 0;2, 11289, 0;3, 11839, 0;
1787233929.201573945 0, 10739, 0;1, 11291, 0;2, 11289, 0;3, 11839, 0;
1787233932.879252936 0, 10739, 0;1, 11291, 0;2, 11289, 0;3, 11839, 0;
1787233935.863445932 0, 10739, 0;1, 11291, 0;2, 11289, 0;3, 11839, 0;
1787233939.543119706 0, 10739, 0;1, 11291, 0;2, 11289, 0;3, 11839, 0;
1787233942.309727950 0, 10739, 0;1, 11291, 0;2, 11289, 0;3, 11839, 0;
1787233946.467866076 0, 10739, 0;1, 11291, 0;2, 11289, 0;3, 11839, 0;
1787233949.242663079 0, 10739, 0;1, 11291, 0;2, 11289, 0;3, 11839, 0;
1787233952.818204078 0, 10739, 0;1, 11291, 0;2, 11289, 0;3, 11839, 0;
1787233957.175267016 0, 10739, 0;1, 11291, 0;2, 11289, 0;3, 11839, 0;
1787233961.013549675 0, 10739, 0;1, 11291, 0;2, 11289, 0;3, 11839, 0;
1787233963.753149191 0, 10739, 0;1, 11291, 0;2, 11289, 0;3, 11839, 0;
1787233967.064781614 0, 10739, 0;1, 11291, 0;2, 11289, 0;3, 11839, 0;
1787233970.386956950 0, 10739, 0;1, 11291, 0;2, 11289, 0;3, 11839, 0;
1787233973.076505880 0, 10739, 0;1, 11291, 0;2, 11289, 0;3, 11839, 0;
1787233976.494272824 0, 10739, 0;1, 11291, 0;2, 11289, 0;3, 11839, 0;
1787233979.742875595 0, 10739, 0;1, 11291, 0;2, 11289, 0;3, 11839, 0;
1787233982.404684911 0, 10739, 0;1, 11291, 0;2, 11289, 0;3, 11839, 0;
1787233986.196743589 0, 10739, 0;1, 11291, 0;2, 11289, 0;3, 11839, 0;
1787233988.973432708 0, 10739, 0;1, 11291, 0;2, 11289, 0;3, 11839, 0;
1787233991.703801832 0, 10739, 0;1, 11291, 0;2, 11289, 0;3, 11839, 0;
1787233995.535196205 0, 10739, 0;1, 11291, 0;2, 11289, 0;3, 11839, 0;
1787233998.203423400 0, 10739, 0;1, 11291, 0;2, 11289, 0;3, 11839, 0;
1787234002.107283064 0, 10739, 0;1, 11291, 0;2, 11289, 0;3, 11839, 0;
1787234004.913706451 0, 10739, 0;1, 11291, 0;2, 11289, 0;3, 11839, 0;
1787234008.767861561 0, 10739, 0;1, 11291, 0;2, 11289, 0;3, 11839, 0;
1787234011.417646269 0, 10739, 0;1, 11291, 0;2, 11289, 0;3, 11839, 0;
1787234015.321409124 0, 10739, 0;1, 11291, 0;2, 11289, 0;3, 11839, 0;
1787234018.019275587 0, 10739, 0;1, 11291, 0;2, 11289, 0;3, 11839, 0;
1787234022.026963531 0, 10739, 0;1, 11291, 0;2, 11289, 0;3, 11839, 0;
1787234024.717683182 0, 10739, 0;1, 11291, 0;2, 11289, 0;3, 11839, 0;
1787234027.331562888 0, 10739, 0;1, 11291, 0;2, 11289, 0;3, 11839, 0;
1787234032.061675044 0, 10739, 0;1, 11291, 0;2, 11289, 0;3, 11839, 0;
1787234035.277227974 0, 10739, 0;1, 11291, 0;2, 11289, 0;3, 11839, 0;
1787234039.135530132 0, 10739, 0;1, 11291, 0;2, 11289, 0;3, 11839, 0;
1787234042.758148391 0, 10739, 0;1, 11291, 0;2, 11289, 0;3, 11839, 0;
1787234046.462421625 0, 10739, 0;1, 11291, 0;2, 11289, 0;3, 11839, 0;
1787234048.991710410 0, 10739, 0;1, 11291, 0;2, 11289, 0;3, 11839, 0;
1787234052.222940025 0, 10739, 0;1, 11291, 0;2, 11289, 0;3, 11839, 0;
1787234055.733876062 0, 10739, 0;1, 11291, 0;2, 11289, 0;3, 11839, 0;
1787234059.416667790 0, 10739, 0;1, 11291, 0;2, 11289, 0;3, 11839, 0;
1787234062.007650832 0, 10739, 0;1, 11291, 0;2, 11289, 0;3, 11839, 0;
1787234064.869990557 0, 10739, 0;1, 11291, 0;2, 11289, 0;3, 11839, 0;
1787234068.214574727 0, 10739, 0;1, 11291, 0;2, 11289, 0;3, 11839, 0;
1787234071.947868556 0, 10739, 0;1, 11291, 0;2, 11289, 0;3, 11839, 0;
1787234074.991616959 0, 10739, 0;1, 11291, 0;2, 11289, 0;3, 11839, 0;
1787234077.658621623 0, 10739, 0;1, 11291, 0;2, 11289, 0;3, 11839, 0;
1787234081.612307961 0, 10739, 0;1, 11291, 0;2, 11289, 0;3, 11839, 0;
1787234084.313900293 0, 10739, 0;1, 11291, 0;2, 11289, 0;3, 11839, 0;
1787234088.387859967 0, 10739, 0;1, 11291, 0;2, 11289, 0;3, 11839, 0;
1787234091.045855345 0, 10739, 0;1, 11291, 0;2, 11289, 0;3, 11839, 0;
1787234095.069856180 0, 10739, 0;1, 11291, 0;2, 11289, 0;3, 11839, 0;
1787234097.695525395 0, 10739, 0;1, 11291, 0;2, 11289, 0;3, 11839, 0;
1787234101.546289611 0, 10739, 0;1, 11291, 0;2, 11289, 0;3, 11839, 0;
1787234104.181806363 0, 10739, 0;1, 11291, 0;2, 11289, 0;3, 11839, 0;
1787234108.633745665 0, 10739, 0;1, 11291, 0;2, 11289, 0;3, 11839, 0;
1787234111.589989657 0, 10739, 0;1, 11291, 0;2, 11289, 0;3, 11839, 0;
1787234114.633168223 0, 10739, 0;1, 11291, 0;2, 11289, 0;3, 11839, 0;
1787234117.829168461 0, 10739, 0;1, 11291, 0;2, 11289, 0;3, 11839, 0;
1787234121.931492766 0, 10739, 0;1, 11291, 0;2, 11289, 0;3, 11839, 0;
1787234125.441605736 0, 10739, 0;1, 11291, 0;2, 11289, 0;3, 11839, 0;
1787234128.048582517 0, 10739, 0;1, 11291, 0;2, 11289, 0;3, 11839, 0;
1787234132.069557161 0, 10739, 0;1, 11291, 0;2, 11289, 0;3, 11839, 0;
1787234134.768616956 0, 10739, 0;1, 11291, 0;2, 11289, 0;3, 11839, 0;
1787234137.418231700 0, 10739, 0;1, 11291, 0;2, 11289, 0;3, 11839, 0;
1787234139.980128735 0, 10739, 0;1, 11291, 0;2, 11289, 0;3, 11839, 0;
1787234143.263400179 0, 10739, 0;1, 11291, 0;2, 11289, 0;3, 11839, 0;
1787234146.861722165 0, 10739, 0;1, 11291, 0;2, 11289, 0;3, 11839, 0;
1787234149.467473430 0, 10739, 0;1, 11291, 0;2, 11289, 0;3, 11839, 0;
1787234153.617660290 0, 10739, 0;1, 11291, 0;2, 11289, 0;3, 11839, 0;
1787234156.318069809 0, 10739, 0;1, 11291, 0;2, 11289, 0;3, 11839, 0;
1787234160.272193304 0, 10739, 0;1, 11291, 0;2, 11289, 0;3, 11839, 0;
1787234162.970426691 0, 10739, 0;1, 11291, 0;2, 11289, 0;3, 11839, 0;
1787234166.298566978 0, 10739, 0;1, 11291, 0;2, 11289, 0;3, 11839, 0;
1787234169.928178961 0, 10739, 0;1, 11291, 0;2, 11289, 0;3, 11839, 0;
1787234172.555963115 0, 10739, 0;1, 11291, 0;2, 11289, 0;3, 11839, 0;
1787234175.205784695 0, 10739, 0;1, 11291, 0;2, 11289, 0;3, 11839, 0;
1787234177.837345253 0, 10739, 0;1, 11291, 0;2, 11289, 0;3, 11839, 0;
1787234181.987433549 0, 10739, 0;1, 11291, 0;2, 11289, 0;3, 11839, 0;
1787234185.222409837 0, 10739, 0;1, 11291, 0;2, 11289, 0;3, 11839, 0;
1787234188.282968138 0, 10739, 0;1, 11291, 0;2, 11289, 0;3, 11839, 0;
1787234191.607399504 0, 10739, 0;1, 11291, 0;2, 11289, 0;3, 11839, 0;
1787234195.660545563 0, 10739, 0;1, 11291, 0;2, 11289, 0;3, 11839, 0;
1787234198.231263854 0, 10739, 0;1, 11291, 0;2, 11289, 0;3, 11839, 0;
1787234202.160257434 0, 10739, 0;1, 11291, 0;2, 11289, 0;3, 11839, 0;
1787234204.764440748 0, 10739, 0;1, 11291, 0;2, 11289, 0;3, 11839, 0;
1787234208.021290363 0, 10739, 0;1, 11291, 0;2, 11289, 0;3, 11839, 0;
1787234210.997900706 0, 10739, 0;1, 11291, 0;2, 11289, 0;3, 11839, 0;
1787234213.997680625 0, 10739, 0;1, 11291, 0;2, 11289, 0;3, 11839, 0;
1787234217.681522213 0, 10739, 0;1, 11291, 0;2, 11289, 0;3, 11839, 0;
1787234221.396494756 0, 10739, 0;1, 11291, 0;2, 11289, 0;3, 11839, 0;
1787234223.995290970 0, 10739, 0;1, 11291, 0;2, 11289, 0;3, 11839, 0;
1787234227.572471225 0, 10739, 0;1, 11291, 0;2, 11289, 0;3, 11839, 0;
1787234230.143681006 0, 10739, 0;1, 11291, 0;2, 11289, 0;3, 11839, 0;
1787234233.668694712 0, 10739, 0;1, 11291, 0;2, 11289, 0;3, 11839, 0;
1787234237.303666023 0, 10739, 0;1, 11291, 0;2, 11289, 0;3, 11839, 0;
1787234240.032893140 0, 10739, 0;1, 11291, 0;2, 11289, 0;3, 11839, 0;
1787234244.102859022 0, 10739, 0;1, 11291, 0;2, 11289, 0;3, 11839, 0;
1787234246.777568673 0, 10739, 0;1, 11291, 0;2, 11289, 0;3, 11839, 0;
1787234249.460883281 0, 10739, 0;1, 11291, 0;2, 11289, 0;3, 11839, 0;
1787234253.227808810 0, 10739, 0;1, 11291, 0;2, 11289, 0;3, 11839, 0;
1787234256.231595125 0, 10739, 0;1, 11291, 0;2, 11289, 0;3, 11839, 0;
1787234258.864180991 0, 10739, 0;1, 11291, 0;2, 11289, 0;3, 11839, 0;
1787234262.681051627 0, 10739, 0;1, 11291, 0;2, 11289, 0;3, 11839, 0;
1787234266.892189459 0, 10739, 0;1, 11291, 0;2, 11289, 0;3, 11839, 0;
1787234270.191666027 0, 10739, 0;1, 11291, 0;2, 11289, 0;3, 11839, 0;
1787234273.320737186 0, 10739, 0;1, 11291, 0;2, 11289, 0;3, 11839, 0;
1787234276.823630783 0, 10739, 0;1, 11291, 0;2, 11289, 0;3, 11839, 0;
1787234280.774784273 0, 10739, 0;1, 11291, 0;2, 11289, 0;3, 11839, 0;
1787234284.231521546 0, 10739, 0;1, 11291, 0;2, 11289, 0;3, 11839, 0;
1787234286.862445766 0, 10739, 0;1, 11291, 0;2, 11289, 0;3, 11839, 0;
1787234290.815577453 0, 10739, 0;1, 11291, 0;2, 11289, 0;3, 11839, 0;
1787234294.909484037 0, 10739, 0;1, 11291, 0;2, 11289, 0;3, 11839, 0;
1787234298.899108375 0, 10739, 0;1, 11291, 0;2, 11289, 0;3, 11839, 0;
1787234302.498298433 0, 10739, 0;1, 11291, 0;2, 11289, 0;3, 11839, 0;
1787234305.655957260 0, 10739, 0;1, 11291, 0;2, 11289, 0;3, 11839, 0;
1787234309.495858389 0, 10739, 0;1, 11291, 0;2, 11289, 0;3, 11839, 0;
1787234313.327156194 0, 10739, 0;1, 11291, 0;2, 11289, 0;3, 11839, 0;
1787234316.036280886 0, 10739, 0;1, 11291, 0;2, 11289, 0;3, 11839, 0;
1787234318.971610586 0, 10739, 0;1, 11291, 0;2, 11289, 0;3, 11839, 0;
1787234322.721901646 0, 10739, 0;1, 11291, 0;2, 11289, 0;3, 11839, 0;
1787234325.404713724 0, 10739, 0;1, 11291, 0;2, 11289, 0;3, 11839, 0;
1787234329.279945247 0, 10739, 0;1, 11291, 0;2, 11289, 0;3, 11839, 0;
1787234331.919986674 0, 10739, 0;1, 11291, 0;2, 11289, 0;3, 11839, 0;
1787234335.573969289 0, 10739, 0;1, 11291, 0;2, 11289, 0;3, 11839, 0;
1787234339.553005997 0, 10739, 0;1, 11291, 0;2, 11289, 0;3, 11839, 0;
1787234342.634548888 0, 10739, 0;1, 11291, 0;2, 11289, 0;3, 11839, 0;
1787234345.886007338 0, 10739, 0;1, 11291, 0;2, 11289, 0;3, 11839, 0;
1787234349.108887584 0, 10739, 0;1, 11291, 0;2, 11289, 0;3, 11839, 0;
1787234352.791587972 0, 10739, 0;1, 11291, 0;2, 11289, 0;3, 11839, 0;
1787234356.216594983 0, 10739, 0;1, 11291, 0;2, 11289, 0;3, 11839, 0;
1787234360.264487749 0, 10739, 0;1, 11291, 0;2, 11289, 0;3, 11839, 0;
1787234363.889617030 0, 10739, 0;1, 11291, 0;2, 11289, 0;3, 11839, 0;
1787234366.460329653 0, 10739, 0;1, 11291, 0;2, 11289, 0;3, 11839, 0;
1787234369.115364783 0, 10739, 0;1, 11291, 0;2, 11289, 0;3, 11839, 0;
1787234371.817027136 0, 10739, 0;1, 11291, 0;2, 11289, 0;3, 11839, 0;
1787234375.718480289 0, 10739, 0;1, 11291, 0;2, 11289, 0;3, 11839, 0;
1787234378.343519789 0, 10739, 0;1, 11291, 0;2, 11289, 0;3, 11839, 0;
1787234381.066411325 0, 10739, 0;1, 11291, 0;2, 11289, 0;3, 11839, 0;
1787234383.732463658 0, 10739, 0;1, 11291, 0;2, 11289, 0;3, 11839, 0;
1787234386.739757729 0, 10739, 0;1, 11291, 0;2, 11289, 0;3, 11839, 0;
1787234390.518213550 0, 10739, 0;1, 11291, 0;2, 11289, 0;3, 11839, 0;
1787234393.183617663 0, 10739, 0;1, 11291, 0;2, 11289, 0;3, 11839, 0;
1787234395.870589927 0, 10739, 0;1, 11291, 0;2, 11289, 0;3, 11839, 0;
1787234398.573021975 0, 10739, 0;1, 11291, 0;2, 11289, 0;3, 11839, 0;
1787234401.221054979 0, 10739, 0;1, 11291, 0;2, 11289, 0;3, 11839, 0;
1787234405.302806251 0, 10739, 0;1, 11291, 0;2, 11289, 0;3, 11839, 0;
1787234408.024864268 0, 10739, 0;1, 11291, 0;2, 11289, 0;3, 11839, 0;
1787234410.705968432 0, 10739, 0;1, 11291, 0;2, 11289, 0;3, 11839, 0;
1787234413.738734164 0, 10739, 0;1, 11291, 0;2, 11289, 0;3, 11839, 0;
1787234418.098616210 0, 10739, 0;1, 11291, 0;2, 11289, 0;3, 11839, 0;
1787234421.895638836 0, 10739, 0;1, 11291, 0;2, 11289, 0;3, 11839, 0;
1787234425.144874111 0, 10739, 0;1, 11291, 0;2, 11289, 0;3, 11839, 0;
1787234427.988082460 0, 10739, 0;1, 11291, 0;2, 11289, 0;3, 11839, 0;
1787234430.557963268 0, 10739, 0;1, 11291, 0;2, 11289, 0;3, 11839, 0;
1787234433.940612902 0, 10739, 0;1, 11291, 0;2, 11289, 0;3, 11839, 0;
1787234437.591041253 0, 10739, 0;1, 11291, 0;2, 11289, 0;3, 11839, 0;
1787234441.150358168 0, 10739, 0;1, 11291, 0;2, 11289, 0;3, 11839, 0;
1787234443.825123559 0, 10739, 0;1, 11291, 0;2, 11289, 0;3, 11839, 0;
1787234447.666594416 0, 10739, 0;1, 11291, 0;2, 11289, 0;3, 11839, 0;
1787234450.406341549 0, 10739, 0;1, 11291, 0;2, 11289, 0;3, 11839, 0;
1787234454.294239160 0, 10739, 0;1, 11291, 0;2, 11289, 0;3, 11839, 0;
1787234457.225884212 0, 10739, 0;1, 11291, 0;2, 11289, 0;3, 11839, 0;
1787234461.313342715 0, 10739, 0;1, 11291, 0;2, 11289, 0;3, 11839, 0;
1787234463.965656510 0, 10739, 0;1, 11291, 0;2, 11289, 0;3, 11839, 0;
1787234467.715267594 0, 10739, 0;1, 11291, 0;2, 11289, 0;3, 11839, 0;
1787234470.669476881 0, 10739, 0;1, 11291, 0;2, 11289, 0;3, 11839, 0;
1787234473.337607189 0, 10739, 0;1, 11291, 0;2, 11289, 0;3, 11839, 0;
1787234475.993713945 0, 10739, 0;1, 11291, 0;2, 11289, 0;3, 11839, 0;
1787234478.591700140 0, 10739, 0;1, 11291, 0;2, 11289, 0;3, 11839, 0;
1787234482.626460278 0, 10739, 0;1, 11291, 0;2, 11289, 0;3, 11839, 0;
1787234485.271848053 0, 10739, 0;1, 11291, 0;2, 11289, 0;3, 11839, 0;
1787234489.337154464 0, 10739, 0;1, 11291, 0;2, 11289, 0;3, 11839, 0;
1787234492.045524953 0, 10739, 0;1, 11291, 0;2, 11289, 0;3, 11839, 0;
1787234495.022123362 0, 10739, 0;1, 11291, 0;2, 11289, 0;3, 11839, 0;
1787234498.140686635 0, 10739, 0;1, 11291, 0;2, 11289, 0;3, 11839, 0;
1787234501.258553005 0, 10739, 0;1, 11291, 0;2, 11289, 0;3, 11839, 0;
1787234504.402686206 0, 10739, 0;1, 11291, 0;2, 11289, 0;3, 11839, 0;
1787234507.128142777 0, 10739, 0;1, 11291, 0;2, 11289, 0;3, 11839, 0;
1787234509.813971863 0, 10739, 0;1, 11291, 0;2, 11289, 0;3, 11839, 0;
1787234512.747558864 0, 10739, 0;1, 11291, 0;2, 11289, 0;3, 11839, 0;
1787234516.494818153 0, 10739, 0;1, 11291, 0;2, 11289, 0;3, 11839, 0;
1787234519.151700747 0, 10739, 0;1, 11291, 0;2, 11289, 0;3, 11839, 0;
1787234523.155796408 0, 10739, 0;1, 11291, 0;2, 11289, 0;3, 11839, 0;
1787234525.801323915 0, 10739, 0;1, 11291, 0;2, 11289, 0;3, 11839, 0;
1787234529.772685862 0, 10739, 0;1, 11291, 0;2, 11289, 0;3, 11839, 0;
1787234532.420014935 0, 10739, 0;1, 11291, 0;2, 11289, 0;3, 11839, 0;
1787234536.405936049 0, 10739, 0;1, 11291, 0;2, 11289, 0;3, 11839, 0;
1787234539.068311460 0, 10739, 0;1, 11291, 0;2, 11289, 0;3, 11839, 0;
1787234543.018474278 0, 10739, 0;1, 11291, 0;2, 11289, 0;3, 11839, 0;
1787234545.693345460 0, 10739, 0;1, 11291, 0;2, 11289, 0;3, 11839, 0;
1787234549.690616684 0, 10739, 0;1, 11291, 0;2, 11289, 0;3, 11839, 0;
1787234552.317985534 0, 10739, 0;1, 11291, 0;2, 11289, 0;3, 11839, 0;
1787234556.307970315 0, 10739, 0;1, 11291, 0;2, 11289, 0;3, 11839, 0;
1787234558.935178297 0, 10739, 0;1, 11291, 0;2, 11289, 0;3, 11839, 0;
1787234562.883637184 0, 10739, 0;1, 11291, 0;2, 11289, 0;3, 11839, 0;
1787234565.540854852 0, 10739, 0;1, 11291, 0;2, 11289, 0;3, 11839, 0;
1787234569.488903149 0, 10739, 0;1, 11291, 0;2, 11289, 0;3, 11839, 0;
1787234572.705728505 0, 10739, 0;1, 11291, 0;2, 11289, 0;3, 11839, 0;
1787234575.652169109 0, 10739, 0;1, 11291, 0;2, 11289, 0;3, 11839, 0;
1787234578.660485077 0, 10739, 0;1, 11291, 0;2, 11289, 0;3, 11839, 0;
1787234581.629724537 0, 10739, 0;1, 11291, 0;2, 11289, 0;3, 11839, 0;
1787234585.631755837 0, 10739, 0;1, 11291, 0;2, 11289, 0;3, 11839, 0;
1787234588.300441116 0, 10739, 0;1, 11291, 0;2, 11289, 0;3, 11839, 0;
1787234592.286010654 0, 10739, 0;1, 11291, 0;2, 11289, 0;3, 11839, 0;
1787234594.939204273 0, 10739, 0;1, 11291, 0;2, 11289, 0;3, 11839, 0;
1787234598.834193608 0, 10739, 0;1, 11291, 0;2, 11289, 0;3, 11839, 0;
1787234601.488300345 0, 10739, 0;1, 11291, 0;2, 11289, 0;3, 11839, 0;
1787234605.430880385 0, 10739, 0;1, 11291, 0;2, 11289, 0;3, 11839, 0;
1787234608.051922131 0, 10739, 0;1, 11291, 0;2, 11289, 0;3, 11839, 0;
1787234612.060420008 0, 10739, 0;1, 11291, 0;2, 11289, 0;3, 11839, 0;
1787234614.722612925 0, 10739, 0;1, 11291, 0;2, 11289, 0;3, 11839, 0;
1787234618.647051271 0, 10739, 0;1, 11291, 0;2, 11289, 0;3, 11839, 0;
1787234621.314630261 0, 10739, 0;1, 11291, 0;2, 11289, 0;3, 11839, 0;
1787234625.240836691 0, 10739, 0;1, 11291, 0;2, 11289, 0;3, 11839, 0;
1787234627.910548484 0, 10739, 0;1, 11291, 0;2, 11289, 0;3, 11839, 0;
1787234631.882701152 0, 10739, 0;1, 11291, 0;2, 11289, 0;3, 11839, 0;
1787234634.520788354 0, 10739, 0;1, 11291, 0;2, 11289, 0;3, 11839, 0;
1787234638.385847850 0, 10739, 0;1, 11291, 0;2, 11289, 0;3, 11839, 0;
1787234642.058189636 0, 10739, 0;1, 11291, 0;2, 11289, 0;3, 11839, 0;
1787234645.119849979 0, 10739, 0;1, 11291, 0;2, 11289, 0;3, 11839, 0;
1787234648.596879665 0, 10739, 0;1, 11291, 0;2, 11289, 0;3, 11839, 0;
1787234651.800881027 0, 10739, 0;1, 11291, 0;2, 11289, 0;3, 11839, 0;
1787234654.785387071 0, 10739, 0;1, 11291, 0;2, 11289, 0;3, 11839, 0;
1787234658.213768949 0, 10739, 0;1, 11291, 0;2, 11289, 0;3, 11839, 0;
1787234662.262488854 0, 10739, 0;1, 11291, 0;2, 11289, 0;3, 11839, 0;
1787234664.930819032 0, 10739, 0;1, 11291, 0;2, 11289, 0;3, 11839, 0;
1787234668.873636592 0, 10739, 0;1, 11291, 0;2, 11289, 0;3, 11839, 0;
1787234671.536596590 0, 10739, 0;1, 11291, 0;2, 11289, 0;3, 11839, 0;
1787234675.541810330 0, 10739, 0;1, 11291, 0;2, 11289, 0;3, 11839, 0;
1787234678.159167540 0, 10739, 0;1, 11291, 0;2, 11289, 0;3, 11839, 0;
1787234681.927725787 0, 10739, 0;1, 11291, 0;2, 11289, 0;3, 11839, 0;
1787234684.599830683 0, 10739, 0;1, 11291, 0;2, 11289, 0;3, 11839, 0;
1787234688.642193058 0, 10739, 0;1, 11291, 0;2, 11289, 0;3, 11839, 0;
1787234691.328414305 0, 10739, 0;1, 11291, 0;2, 11289, 0;3, 11839, 0;
1787234695.372168989 0, 10739, 0;1, 11291, 0;2, 11289, 0;3, 11839, 0;
1787234698.074215491 0, 10739, 0;1, 11291, 0;2, 11289, 0;3, 11839, 0;
1787234701.050136876 0, 10739, 0;1, 11291, 0;2, 11289, 0;3, 11839, 0;
1787234704.640305324 0, 10739, 0;1, 11291, 0;2, 11289, 0;3, 11839, 0;
1787234707.843447386 0, 10739, 0;1, 11291, 0;2, 11289, 0;3, 11839, 0;
1787234711.933076387 0, 10739, 0;1, 11291, 0;2, 11289, 0;3, 11839, 0;
1787234718.323924183 0, 10739, 0;1, 11291, 0;2, 11289, 0;3, 11839, 0;
1787234722.175809905 0, 10739, 0;1, 11291, 0;2, 11289, 0;3, 11839, 0;
1787234724.915179547 0, 10739, 0;1, 11291, 0;2, 11289, 0;3, 11839, 0;
1787234729.175684127 0, 10739, 0;1, 11291, 0;2, 11289, 0;3, 11839, 0;
1787234732.913089823 0, 10739, 0;1, 11291, 0;2, 11289, 0;3, 11839, 0;
1787234736.248616857 0, 10739, 0;1, 11291, 0;2, 11289, 0;3, 11839, 0;
1787234740.194623888 0, 10739, 0;1, 11291, 0;2, 11289, 0;3, 11839, 0;
1787234742.874981219 0, 10739, 0;1, 11291, 0;2, 11289, 0;3, 11839, 0;
1787234745.604142991 0, 10739, 0;1, 11291, 0;2, 11289, 0;3, 11839, 0;
1787234748.300431184 0, 10739, 0;1, 11291, 0;2, 11289, 0;3, 11839, 0;
1787234751.474644462 0, 10739, 0;1, 11291, 0;2, 11289, 0;3, 11839, 0;
1787234755.187691514 0, 10739, 0;1, 11291, 0;2, 11289, 0;3, 11839, 0;
1787234757.870112847 0, 10739, 0;1, 11291, 0;2, 11289, 0;3, 11839, 0;
1787234760.530947334 0, 10739, 0;1, 11291, 0;2, 11289, 0;3, 11839, 0;
1787234763.286145175 0, 10739, 0;1, 11291, 0;2, 11289, 0;3, 11839, 0;
1787234765.972716612 0, 10739, 0;1, 11291, 0;2, 11289, 0;3, 11839, 0;
1787234768.609007140 0, 10739, 0;1, 11291, 0;2, 11289, 0;3, 11839, 0;
1787234772.072796696 0, 10739, 0;1, 11291, 0;2, 11289, 0;3, 11839, 0;
1787234775.250828108 0, 10739, 0;1, 11291, 0;2, 11289, 0;3, 11839, 0;
1787234777.969758217 0, 10739, 0;1, 11291, 0;2, 11289, 0;3, 11839, 0;
1787234781.535175173 0, 10739, 0;1, 11291, 0;2, 11289, 0;3, 11839, 0;
1787234784.187558060 0, 10739, 0;1, 11291, 0;2, 11289, 0;3, 11839, 0;
1787234788.121162504 0, 10739, 0;1, 11291, 0;2, 11289, 0;3, 11839, 0;
1787234790.777910985 0, 10739, 0;1, 11291, 0;2, 11289, 0;3, 11839, 0;
1787234794.796625293 0, 10739, 0;1, 11291, 0;2, 11289, 0;3, 11839, 0;
1787234797.411881645 0, 10739, 0;1, 11291, 0;2, 11289, 0;3, 11839, 0;
1787234801.259330232 0, 10739, 0;1, 11291, 0;2, 11289, 0;3, 11839, 0;
1787234804.449684970 0, 10739, 0;1, 11291, 0;2, 11289, 0;3, 11839, 0;
1787234809.106537711 0, 10739, 0;1, 11291, 0;2, 11289, 0;3, 11839, 0;
1787234812.192734564 0, 10739, 0;1, 11291, 0;2, 11289, 0;3, 11839, 0;
1787234814.757093664 0, 10739, 0;1, 11291, 0;2, 11289, 0;3, 11839, 0;
1787234818.182031393 0, 10739, 0;1, 11291, 0;2, 11289, 0;3, 11839, 0;
1787234821.872819568 0, 10739, 0;1, 11291, 0;2, 11289, 0;3, 11839, 0;
1787234824.517833164 0, 10739, 0;1, 11291, 0;2, 11289, 0;3, 11839, 0;
1787234828.302536734 0, 10739, 0;1, 11291, 0;2, 11289, 0;3, 11839, 0;
1787234831.148742313 0, 10739, 0;1, 11291, 0;2, 11289, 0;3, 11839, 0;
1787234835.116991919 0, 10739, 0;1, 11291, 0;2, 11289, 0;3, 11839, 0;
1787234837.785284484 0, 10739, 0;1, 11291, 0;2, 11289, 0;3, 11839, 0;
1787234841.642877659 0, 10739, 0;1, 11291, 0;2, 11289, 0;3, 11839, 0;
1787234844.306832408 0, 10739, 0;1, 11291, 0;2, 11289, 0;3, 11839, 0;
1787234848.294735633 0, 10739, 0;1, 11291, 0;2, 11289, 0;3, 11839, 0;
1787234850.898557674 0, 10739, 0;1, 11291, 0;2, 11289, 0;3, 11839, 0;
1787234854.978298116 0, 10739, 0;1, 11291, 0;2, 11289, 0;3, 11839, 0;
1787234857.597064007 0, 10739, 0;1, 11291, 0;2, 11289, 0;3, 11839, 0;
1787234861.514610563 0, 10739, 0;1, 11291, 0;2, 11289, 0;3, 11839, 0;
1787234864.874954932 0, 10739, 0;1, 11291, 0;2, 11289, 0;3, 11839, 0;
1787234867.586821370 0, 10739, 0;1, 11291, 0;2, 11289, 0;3, 11839, 0;
1787234870.239676103 0, 10739, 0;1, 11291, 0;2, 11289, 0;3, 11839, 0;
1787234873.865463481 0, 10739, 0;1, 11291, 0;2, 11289, 0;3, 11839, 0;
1787234877.174240729 0, 10739, 0;1, 11291, 0;2, 11289, 0;3, 11839, 0;
1787234879.826479289 0, 10739, 0;1, 11291, 0;2, 11289, 0;3, 11839, 0;
1787234883.051276859 0, 10739, 0;1, 11291, 0;2, 11289, 0;3, 11839, 0;
1787234887.411308693 0, 10739, 0;1, 11291, 0;2, 11289, 0;3, 11839, 0;
1787234890.687836479 0, 10739, 0;1, 11291, 0;2, 11289, 0;3, 11839, 0;
1787234894.924054117 0, 10739, 0;1, 11291, 0;2, 11289, 0;3, 11839, 0;
1787234897.615895140 0, 10739, 0;1, 11291, 0;2, 11289, 0;3, 11839, 0;
1787234900.275756784 0, 10739, 0;1, 11291, 0;2, 11289, 0;3, 11839, 0;
1787234904.240722502 0, 10739, 0;1, 11291, 0;2, 11289, 0;3, 11839, 0;
1787234906.887973334 0, 10739, 0;1, 11291, 0;2, 11289, 0;3, 11839, 0;
1787234910.869660517 0, 10739, 0;1, 11291, 0;2, 11289, 0;3, 11839, 0;
1787234913.546274214 0, 10739, 0;1, 11291, 0;2, 11289, 0;3, 11839, 0;
1787234917.513080877 0, 10739, 0;1, 11291, 0;2, 11289, 0;3, 11839, 0;
1787234920.169720652 0, 10739, 0;1, 11291, 0;2, 11289, 0;3, 11839, 0;
1787234923.920749904 0, 10739, 0;1, 11291, 0;2, 11289, 0;3, 11839, 0;
1787234928.010588431 0, 10739, 0;1, 11291, 0;2, 11289, 0;3, 11839, 0;
1787234931.806467408 0, 10739, 0;1, 11291, 0;2, 11289, 0;3, 11839, 0;
1787234935.546683034 0, 10739, 0;1, 11291, 0;2, 11289, 0;3, 11839, 0;
1787234938.172478596 0, 10739, 0;1, 11291, 0;2, 11289, 0;3, 11839, 0;
1787234941.790508894 0, 10739, 0;1, 11291, 0;2, 11289, 0;3, 11839, 0;
1787234944.369530945 0, 10739, 0;1, 11291, 0;2, 11289, 0;3, 11839, 0;
1787234948.850026010 0, 10739, 0;1, 11291, 0;2, 11289, 0;3, 11839, 0;
1787234953.160676191 0, 10739, 0;1, 11291, 0;2, 11289, 0;3, 11839, 0;
1787234957.076350645 0, 10739, 0;1, 11291, 0;2, 11289, 0;3, 11839, 0;
1787234960.609357957 0, 10739, 0;1, 11291, 0;2, 11289, 0;3, 11839, 0;
1787234963.930854139 0, 10739, 0;1, 11291, 0;2, 11289, 0;3, 11839, 0;
1787234967.004370004 0, 10739, 0;1, 11291, 0;2, 11289, 0;3, 11839, 0;
1787234969.799694057 0, 10739, 0;1, 11291, 0;2, 11289, 0;3, 11839, 0;
1787234972.532210009 0, 10739, 0;1, 11291, 0;2, 11289, 0;3, 11839, 0;
1787234975.917846637 0, 10739, 0;1, 11291, 0;2, 11289, 0;3, 11839, 0;
1787234979.423000590 0, 10739, 0;1, 11291, 0;2, 11289, 0;3, 11839, 0;
1787234982.173458374 0, 10739, 0;1, 11291, 0;2, 11289, 0;3, 11839, 0;
1787234984.919575446 0, 10739, 0;1, 11291, 0;2, 11289, 0;3, 11839, 0;
1787234988.983278561 0, 10739, 0;1, 11291, 0;2, 11289, 0;3, 11839, 0;
1787234991.759977206 0, 10739, 0;1, 11291, 0;2, 11289, 0;3, 11839, 0;
1787234995.793709594 0, 10739, 0;1, 11291, 0;2, 11289, 0;3, 11839, 0;
1787234998.514398267 0, 10739, 0;1, 11291, 0;2, 11289, 0;3, 11839, 0;
1787235002.573406697 0, 10739, 0;1, 11291, 0;2, 11289, 0;3, 11839, 0;
1787235005.212401549 0, 10739, 0;1, 11291, 0;2, 11289, 0;3, 11839, 0;
1787235008.912946783 0, 10739, 0;1, 11291, 0;2, 11289, 0;3, 11839, 0;
1787235011.570511063 0, 10739, 0;1, 11291, 0;2, 11289, 0;3, 11839, 0;
1787235014.785472329 0, 10739, 0;1, 11291, 0;2, 11289, 0;3, 11839, 0;
1787235018.294241127 0, 10739, 0;1, 11291, 0;2, 11289, 0;3, 11839, 0;
1787235022.337220641 0, 10739, 0;1, 11291, 0;2, 11289, 0;3, 11839, 0;
1787235025.572368013 0, 10739, 0;1, 11291, 0;2, 11289, 0;3, 11839, 0;
1787235029.261606602 0, 10739, 0;1, 11291, 0;2, 11289, 0;3, 11839, 0;
1787235033.303977074 0, 10739, 0;1, 11291, 0;2, 11289, 0;3, 11839, 0;
1787235036.357498362 0, 10739, 0;1, 11291, 0;2, 11289, 0;3, 11839, 0;
1787235039.414294768 0, 10739, 0;1, 11291, 0;2, 11289, 0;3, 11839, 0;
1787235042.622133119 0, 10739, 0;1, 11291, 0;2, 11289, 0;3, 11839, 0;
1787235045.545938204 0, 10739, 0;1, 11291, 0;2, 11289, 0;3, 11839, 0;
1787235049.598425820 0, 10739, 0;1, 11291, 0;2, 11289, 0;3, 11839, 0;
1787235052.315152270 0, 10739, 0;1, 11291, 0;2, 11289, 0;3, 11839, 0;
1787235055.052650006 0, 10739, 0;1, 11291, 0;2, 11289, 0;3, 11839, 0;
1787235058.553468745 0, 10739, 0;1, 11291, 0;2, 11289, 0;3, 11839, 0;
1787235062.303014052 0, 10739, 0;1, 11291, 0;2, 11289, 0;3, 11839, 0;
1787235064.886131343 0, 10739, 0;1, 11291, 0;2, 11289, 0;3, 11839, 0;
1787235068.346245608 0, 10739, 0;1, 11291, 0;2, 11289, 0;3, 11839, 0;
1787235070.919346589 0, 10739, 0;1, 11291, 0;2, 11289, 0;3, 11839, 0;
1787235074.715507949 0, 10739, 0;1, 11291, 0;2, 11289, 0;3, 11839, 0;
1787235077.239262711 0, 10739, 0;1, 11291, 0;2, 11289, 0;3, 11839, 0;
1787235081.042257393 0, 10739, 0;1, 11291, 0;2, 11289, 0;3, 11839, 0;
1787235083.694120413 0, 10739, 0;1, 11291, 0;2, 11289, 0;3, 11839, 0;
1787235086.355442186 0, 10739, 0;1, 11291, 0;2, 11289, 0;3, 11839, 0;
1787235090.499976785 0, 10739, 0;1, 11291, 0;2, 11289, 0;3, 11839, 0;
1787235093.118626313 0, 10739, 0;1, 11291, 0;2, 11289, 0;3, 11839, 0;
1787235097.056215083 0, 10739, 0;1, 11291, 0;2, 11289, 0;3, 11839, 0;
1787235100.952969369 0, 10739, 0;1, 11291, 0;2, 11289, 0;3, 11839, 0;
1787235103.507584514 0, 10739, 0;1, 11291, 0;2, 11289, 0;3, 11839, 0;
1787235107.260253518 0, 10739, 0;1, 11291, 0;2, 11289, 0;3, 11839, 0;
1787235109.779066027 0, 10739, 0;1, 11291, 0;2, 11289, 0;3, 11839, 0;
1787235113.490628071 0, 10739, 0;1, 11291, 0;2, 11289, 0;3, 11839, 0;
1787235116.632430987 0, 10739, 0;1, 11291, 0;2, 11289, 0;3, 11839, 0;
1787235119.785575918 0, 10739, 0;1, 11291, 0;2, 11289, 0;3, 11839, 0;
1787235122.853936382 0, 10739, 0;1, 11291, 0;2, 11289, 0;3, 11839, 0;
1787235125.517383985 0, 10739, 0;1, 11291, 0;2, 11289, 0;3, 11839, 0;
1787235129.591693968 0, 10739, 0;1, 11291, 0;2, 11289, 0;3, 11839, 0;
1787235132.247419381 0, 10739, 0;1, 11291, 0;2, 11289, 0;3, 11839, 0;
1787235134.870933634 0, 10739, 0;1, 11291, 0;2, 11289, 0;3, 11839, 0;
1787235138.995267725 0, 10739, 0;1, 11291, 0;2, 11289, 0;3, 11839, 0;
1787235141.584106933 0, 10739, 0;1, 11291, 0;2, 11289, 0;3, 11839, 0;
1787235144.223199973 0, 10739, 0;1, 11291, 0;2, 11289, 0;3, 11839, 0;
1787235146.838690633 0, 10739, 0;1, 11291, 0;2, 11289, 0;3, 11839, 0;
1787235149.587018551 0, 10739, 0;1, 11291, 0;2, 11289, 0;3, 11839, 0;
1787235152.261232107 0, 10739, 0;1, 11291, 0;2, 11289, 0;3, 11839, 0;
1787235154.908195916 0, 10739, 0;1, 11291, 0;2, 11289, 0;3, 11839, 0;
1787235158.600303576 0, 10739, 0;1, 11291, 0;2, 11289, 0;3, 11839, 0;
1787235161.630899251 0, 10739, 0;1, 11291, 0;2, 11289, 0;3, 11839, 0;
1787235164.511005686 0, 10739, 0;1, 11291, 0;2, 11289, 0;3, 11839, 0;
1787235168.525913908 0, 10739, 0;1, 11291, 0;2, 11289, 0;3, 11839, 0;
1787235171.212242564 0, 10739, 0;1, 11291, 0;2, 11289, 0;3, 11839, 0;
1787235173.802325464 0, 10739, 0;1, 11291, 0;2, 11289, 0;3, 11839, 0;
1787235176.432390862 0, 10739, 0;1, 11291, 0;2, 11289, 0;3, 11839, 0;
1787235180.712641697 0, 10739, 0;1, 11291, 0;2, 11289, 0;3, 11839, 0;
1787235184.454337418 0, 10739, 0;1, 11291, 0;2, 11289, 0;3, 11839, 0;
1787235188.194930481 0, 10739, 0;1, 11291, 0;2, 11289, 0;3, 11839, 0;
1787235191.082166149 0, 10739, 0;1, 11291, 0;2, 11289, 0;3, 11839, 0;
1787235194.086841664 0, 10739, 0;1, 11291, 0;2, 11289, 0;3, 11839, 0;
1787235197.000406006 0, 10739, 0;1, 11291, 0;2, 11289, 0;3, 11839, 0;
1787235200.082869351 0, 10739, 0;1, 11291, 0;2, 11289, 0;3, 11839, 0;
1787235203.148912472 0, 10739, 0;1, 11291, 0;2, 11289, 0;3, 11839, 0;
